Price,Close,High,Low,Open,Volume,Symbol,StockID
Ticker,CPZ,CPZ,CPZ,CPZ,CPZ,,
Date,,,,,,,
2019-11-26,12.047348022460938,12.059407706185059,11.999110437639185,12.053377864322998,626100,CPZ,1351
2019-11-27,12.047348022460938,12.059407706185059,11.908665109857745,12.029259646949493,608600,CPZ,1351
2019-11-29,12.059406280517578,12.077495803965212,11.999109019100068,12.047346598219155,367200,CPZ,1351
2019-12-02,11.999107360839844,12.083523975187935,11.999107360839844,12.083523975187935,46600,CPZ,1351
2019-12-03,12.029255867004395,12.053374076799251,11.926750887708904,11.926750887708904,54800,CPZ,1351
2019-12-04,12.011167526245117,12.053375260085454,11.87851448416484,12.053375260085454,55700,CPZ,1351
2019-12-05,12.035282135009766,12.065431328779319,12.024428885282386,12.065431328779319,28800,CPZ,1351
2019-12-06,11.818216323852539,12.059404177385368,11.81821632385254,12.035284816994881,88500,CPZ,1351
2019-12-09,11.97800350189209,12.011167048612007,11.908662063329736,11.908662063329736,18300,CPZ,1351
2019-12-10,11.956896781921387,12.01116418176964,11.878511176626228,11.896599543192865,42100,CPZ,1351
2019-12-11,11.999107360839844,12.02925656241932,11.956899628703018,11.956899628703018,27000,CPZ,1351
2019-12-12,12.052770614624023,12.065432932668225,12.005135687187801,12.029255045409691,22400,CPZ,1351
2019-12-13,12.042519569396973,12.059402659515541,12.023224773557788,12.059402659515541,16600,CPZ,1351
2019-12-16,12.06543254852295,12.065432548522947,12.047343030432474,12.059402709159457,33100,CPZ,1351
2019-12-17,12.059406280517578,12.065436121666789,12.053376439368366,12.065436121666789,23800,CPZ,1351
2019-12-18,12.06543254852295,12.065432548522947,12.029254662416264,12.040107913240842,11200,CPZ,1351
2019-12-19,12.071464538574219,12.342800457827758,12.029256805584188,12.029256805584188,41000,CPZ,1351
2019-12-20,12.149847984313965,12.240293274505035,12.11367009825239,12.167937502381884,24900,CPZ,1351
2019-12-23,12.11367416381836,12.210149325744194,12.11367416381836,12.15588190340158,25200,CPZ,1351
2019-12-24,11.902630805969238,12.161908158466975,11.788066153687245,11.920720324774072,69600,CPZ,1351
2019-12-26,11.824246406555176,11.999107172676295,11.818216566333836,11.999107172676295,43500,CPZ,1351
2019-12-27,11.87851333618164,11.908661385989838,11.763948676776609,11.908661385989838,63900,CPZ,1351
2019-12-30,11.96915340423584,11.982446704757198,11.789084157933084,11.89785087865457,61400,CPZ,1351
2019-12-31,11.849508285522461,11.964316558411426,11.843465562865438,11.964316558411426,102100,CPZ,1351
2020-01-02,11.902079582214355,11.970360163462177,11.873678898885938,11.970360163462177,30400,CPZ,1351
2020-01-03,11.885762214660645,11.970358017868818,11.84950703507591,11.940749486745958,20600,CPZ,1351
2020-01-06,11.934104919433594,12.016887805219062,11.849509101473032,11.88576428738019,26500,CPZ,1351
2020-01-07,12.018704414367676,12.35709009479799,11.879121272029016,11.879121272029016,49900,CPZ,1351
2020-01-08,11.98848819732666,12.085169460810619,11.964317305189883,12.071271082578814,29100,CPZ,1351
2020-01-09,12.145591735839844,12.296656306801705,12.02473961805787,12.270672490637038,48500,CPZ,1351
2020-01-10,12.079126358032227,12.134113637623656,12.036828450654205,12.110547825303263,32700,CPZ,1351
2020-01-13,12.073081016540527,12.169762256014886,12.030783118336906,12.125651426098068,25100,CPZ,1351
2020-01-14,12.073081016540527,12.157677965479055,11.855548803988864,12.041055629690826,17500,CPZ,1351
2020-01-15,12.024742126464844,12.073082753155429,11.885762968795841,12.073082753155429,17600,CPZ,1351
2020-01-16,12.05495834350586,12.073085362099846,11.994532258951935,11.994532258951935,27000,CPZ,1351
2020-01-17,11.934104919433594,12.073084092520684,11.934104919433594,12.073084092520684,19900,CPZ,1351
2020-01-21,11.909932136535645,12.048912440092316,11.819293609890092,11.934103024991204,22300,CPZ,1351
2020-01-22,11.783042907714844,11.952839660290358,11.746787713784634,11.867638744395942,68800,CPZ,1351
2020-01-23,11.692403793334961,11.870055041958752,11.607806808125185,11.843468438849543,54000,CPZ,1351
2020-01-24,11.722610473632812,11.752219000451523,11.613843798158488,11.751011147742064,29800,CPZ,1351
2020-01-27,11.722610473632812,11.740738637055603,11.625929240440348,11.64405740386314,22200,CPZ,1351
2020-01-28,11.73772144317627,11.77699857019774,11.680317297938487,11.752828828398766,32800,CPZ,1351
2020-01-29,11.722610473632812,11.770951090229044,11.68031257817751,11.68031257817751,29600,CPZ,1351
2020-01-30,11.783042907714844,11.795128356535525,11.692404346623404,11.697841991820425,12000,CPZ,1351
2020-01-31,11.807210922241211,11.81325249264447,11.692401491542869,11.784249036101542,22500,CPZ,1351
2020-02-03,11.774579048156738,11.807209517616588,11.698442822792305,11.770953184320884,32700,CPZ,1351
2020-02-04,11.843463897705078,11.879719076018342,11.783037832162082,11.849506619512512,41100,CPZ,1351
2020-02-05,11.903890609741211,11.92806034575225,11.837421818780902,11.854340979748049,10000,CPZ,1351
2020-02-06,11.728659629821777,11.861596110265562,11.728659629821777,11.861596110265562,37800,CPZ,1351
2020-02-07,11.698448181152344,11.813256498247991,11.692405456168581,11.704490906136106,29800,CPZ,1351
2020-02-10,11.650104522705078,11.807211874080783,11.631976352439235,11.716572175283211,32200,CPZ,1351
2020-02-11,11.783042907714844,11.914166454570546,11.662190724571701,11.662190724571701,43200,CPZ,1351
2020-02-12,11.773375511169434,11.825342024338756,11.728660729040085,11.825342024338756,39800,CPZ,1351
2020-02-13,11.746634483337402,11.82806532494062,11.716250481034551,11.764865580164347,27400,CPZ,1351
2020-02-14,11.78613567352295,11.801327676040597,11.728404441250195,11.728404441250195,17200,CPZ,1351
2020-02-18,11.818343162536621,11.831711939592171,11.789173867983127,11.789173867983127,10900,CPZ,1351
2020-02-19,11.75270938873291,11.82563144469325,11.752709388732912,11.819555572592542,25600,CPZ,1351
2020-02-20,11.75270938873291,11.78917041671308,11.703486943005922,11.78917041671308,52200,CPZ,1351
2020-02-21,11.527863502502441,11.758786043493451,11.527863502502441,11.710170954717736,64400,CPZ,1351
2020-02-24,11.181482315063477,11.64636539390653,10.93232980756014,11.406327854531881,164500,CPZ,1351
2020-02-25,10.92017650604248,11.572227109204707,10.92017650604248,11.0660218016554,118100,CPZ,1351
2020-02-26,11.18270206451416,11.21794723834571,10.938410634053998,11.116463206512142,127900,CPZ,1351
2020-02-27,11.060548782348633,11.236170652918108,10.932326120954693,10.950557210139463,105400,CPZ,1351
2020-02-28,11.08425235748291,11.230097645980345,10.55070101059482,10.798638812393182,324800,CPZ,1351
2020-03-02,10.841180801391602,11.04171829055882,10.548274248347182,10.993103176793305,94000,CPZ,1351
2020-03-03,10.696547508239746,11.18452290961344,10.616332532544817,10.829024036966329,53900,CPZ,1351
2020-03-04,10.993097305297852,11.029558331378947,10.804713984957887,11.029558331378947,58400,CPZ,1351
2020-03-05,10.999175071716309,11.503557076022807,10.847252767297782,10.908021920880232,102400,CPZ,1351
2020-03-06,10.926250457763672,10.954203870749842,10.841174349077486,10.841174349077486,11600,CPZ,1351
2020-03-09,9.789875030517578,10.96939995695632,9.431338249450647,10.604178788289047,97400,CPZ,1351
2020-03-10,9.881028175354004,10.86548419409156,9.467799265138098,9.874951143253728,62300,CPZ,1351
2020-03-11,9.145721435546875,9.86887123838232,8.805415270982394,9.86887123838232,131800,CPZ,1351
2020-03-12,8.594776153564453,9.855833313889232,6.023689379794765,8.717208745876409,340100,CPZ,1351
2020-03-13,8.47234058380127,8.747813965644184,6.91744574836753,8.747813965644184,133500,CPZ,1351
2020-03-16,6.880717754364014,8.41724831397335,6.7582851683762355,6.7582851683762355,87700,CPZ,1351
2020-03-17,7.388813018798828,7.388813018798828,6.1889725743192265,6.733798281837553,203700,CPZ,1351
2020-03-18,5.901256561279297,7.382692330980069,5.631904284712996,6.274676099468228,185800,CPZ,1351
2020-03-19,6.831746578216553,7.101098924458621,5.644149295399516,6.115515025615967,120900,CPZ,1351
2020-03-20,6.678704261779785,7.805085291352316,6.133879073900761,7.309232557145296,106400,CPZ,1351
2020-03-23,6.795015335083008,7.039880510626423,6.127757001971415,6.617487936862874,173400,CPZ,1351
2020-03-24,7.238831996917725,7.345960707327147,6.856229876744436,7.345960707327147,100500,CPZ,1351
2020-03-25,7.682651519775391,8.013219763963273,7.05824451197352,7.345961500890336,124300,CPZ,1351
2020-03-26,8.270331382751465,8.453980601865602,7.743870249037286,7.7879463418509705,249400,CPZ,1351
2020-03-27,8.631505966186523,8.94983069672057,8.037707181396067,8.264207616381068,93200,CPZ,1351
2020-03-30,8.802908897399902,8.979212004668817,7.988731702075978,8.551922021461552,142700,CPZ,1351
2020-03-31,8.839643478393555,9.145725325182601,8.276453417402116,9.066144558765666,167600,CPZ,1351
2020-04-01,8.264209747314453,8.753940812064416,8.202993145293915,8.527440318676074,44000,CPZ,1351
2020-04-02,8.068314552307129,8.423369310760883,7.958124943199217,7.964246717884005,75300,CPZ,1351
2020-04-03,7.872422695159912,8.264207560027163,7.872422695159912,7.964247573887436,97700,CPZ,1351
2020-04-06,8.539681434631348,8.570289728995837,7.841815358905239,7.964247952558534,52900,CPZ,1351
2020-04-07,8.502949714660645,8.876369173154776,8.44907915408346,8.600895763852254,93300,CPZ,1351
2020-04-08,8.655994415283203,8.968197440092847,8.50295349935121,8.50295349935121,126000,CPZ,1351
2020-04-09,9.513019561767578,9.917047910990865,8.33154396959098,8.680477517383615,418100,CPZ,1351
2020-04-13,9.069121360778809,9.291071093462557,8.699204551672668,9.291071093462557,170200,CPZ,1351
2020-04-14,9.180096626281738,9.617831267287022,8.81634523035201,8.951981473640474,103200,CPZ,1351
2020-04-15,9.093783378601074,9.093783378601074,8.656048697536189,8.890945478050325,52300,CPZ,1351
2020-04-16,8.730032920837402,9.09378439053341,8.439031745080598,9.038296798482603,78300,CPZ,1351
2020-04-17,8.91498851776123,9.109194439947148,8.754691211469252,8.877996605552891,87100,CPZ,1351
2020-04-20,8.939650535583496,9.124608940119915,8.791684047140985,9.10611327605624,75700,CPZ,1351
2020-04-21,8.90265941619873,9.247915174761815,8.70537074728646,8.841007001146952,116200,CPZ,1351
2020-04-22,9.180096626281738,9.20475770797359,8.887862543648348,8.939650638811266,125400,CPZ,1351
2020-04-23,8.80401611328125,9.192428666686308,8.767024777509349,9.192428666686308,98000,CPZ,1351
2020-04-24,8.767021179199219,8.933483297783923,8.742360102817543,8.828673576170189,58300,CPZ,1351
2020-04-27,8.760857582092285,8.877997572234921,8.631386757215392,8.77318782885998,125600,CPZ,1351
2020-04-28,8.785520553588867,8.902660568931376,8.693041625053555,8.79168597228234,141800,CPZ,1351
2020-04-29,9.198592185974121,9.500690580256183,8.87799753965854,8.87799753965854,115400,CPZ,1351
2020-04-30,9.389716148376465,9.654823235091648,9.093783148480396,9.24791506625125,172900,CPZ,1351
2020-05-01,9.278745651245117,9.383555448496471,9.1924315276361,9.241753715993577,90300,CPZ,1351
2020-05-04,9.247918128967285,9.35889333466427,9.093786160151165,9.19859594598347,40300,CPZ,1351
2020-05-05,9.223252296447754,9.469863084601505,9.217086879752285,9.309566366284816,87700,CPZ,1351
2020-05-06,9.11228084564209,9.272578216975413,9.11228084564209,9.223256039329273,42000,CPZ,1351
2020-05-07,9.214005470275879,9.303402261062677,9.186261679201808,9.254080096479127,48300,CPZ,1351
2020-05-08,9.235587120056152,9.309570981143404,9.0999514133187,9.198595777479316,28100,CPZ,1351
2020-05-11,9.344707489013672,9.377383725521758,9.043842107054688,9.198590765899004,54600,CPZ,1351
2020-05-12,9.240997314453125,9.396256004698108,9.181378152709463,9.31552141469893,36900,CPZ,1351
2020-05-13,8.834222793579102,9.303103680490423,8.725541554042229,9.209948670753166,39700,CPZ,1351
2020-05-14,8.669646263122559,8.80627409175582,8.539228924941938,8.762801250852302,58100,CPZ,1351
2020-05-15,8.551648139953613,8.806272273282978,8.501964818856933,8.638592619276901,34200,CPZ,1351
2020-05-18,8.855957984924316,8.918061120748886,8.62617513861682,8.663436901658551,116800,CPZ,1351
2020-05-19,9.113680839538574,9.278254592760954,8.588906553819141,8.930475626043588,82400,CPZ,1351
2020-05-20,9.166471481323242,9.284467803006148,8.942898630586468,9.284467803006148,63400,CPZ,1351
2020-05-21,9.098162651062012,9.308693955161724,8.912473315913536,9.272052880129843,61000,CPZ,1351
2020-05-22,9.194417953491211,9.296888644495281,9.073315797021104,9.091947262487139,18700,CPZ,1351
2020-05-26,9.315524101257324,9.44594146236553,9.1143085579785,9.290682727344574,73100,CPZ,1351
2020-05-27,9.371416091918945,9.57635754745767,9.234788257471465,9.377626582635875,79200,CPZ,1351
2020-05-28,9.662062644958496,9.688146594471414,9.455258460876093,9.470784099543055,42600,CPZ,1351
2020-05-29,9.722299575805664,9.75210945452238,9.563935631586753,9.576356611807029,27900,CPZ,1351
2020-06-01,9.744034767150879,9.778191867225424,9.32297352799849,9.657090282982768,30100,CPZ,1351
2020-06-02,9.694350242614746,9.837188513746872,9.470777991762233,9.837188513746872,38400,CPZ,1351
2020-06-03,10.048343658447266,10.048343658447266,9.626039787904721,9.626039787904721,92000,CPZ,1351
2020-06-04,10.11044692993164,10.374386245062436,9.936556760197432,9.936556760197432,69500,CPZ,1351
2020-06-05,10.663167953491211,10.748871062266291,10.250801106015777,10.371282013243373,58800,CPZ,1351
2020-06-08,10.992313385009766,11.054415900161256,10.656954117449882,10.743898586285608,47600,CPZ,1351
2020-06-09,10.896053314208984,10.992314114327785,10.684901432001675,10.71905852831898,72600,CPZ,1351
2020-06-10,10.719059944152832,10.917790874943417,10.50169754440196,10.837056878508411,50000,CPZ,1351
2020-06-11,10.09404182434082,10.509679422675873,9.969038326677197,10.506553664662627,44900,CPZ,1351
2020-06-12,10.300296783447266,10.546554515160237,10.019039386994201,10.31279743007912,29100,CPZ,1351
2020-06-15,10.375300407409668,10.375300407409668,9.962787972286675,10.089042011194671,33700,CPZ,1351
2020-06-16,10.644059181213379,10.775312416269347,10.450302702615318,10.531555727092563,59700,CPZ,1351
2020-06-17,10.512804985046387,10.62530844163944,10.312799369826514,10.619058117147882,29700,CPZ,1351
2020-06-18,10.187793731689453,10.506553080042622,10.094041262674363,10.425301258130162,52500,CPZ,1351
2020-06-19,10.137789726257324,10.375297191571065,10.01903718572747,10.219042719385136,79500,CPZ,1351
2020-06-22,10.100292205810547,10.18779435664199,9.975288707434416,9.975288707434416,77200,CPZ,1351
2020-06-23,10.073412895202637,10.125289490395227,9.850281306849098,10.000285445476008,60800,CPZ,1351
2020-06-24,9.750285148620605,10.062794280357627,9.623406398218778,10.006542541274746,36700,CPZ,1351
2020-06-25,9.75653076171875,9.806532154014707,9.406521015647051,9.687778996327713,51400,CPZ,1351
2020-06-26,9.431522369384766,9.690904833528704,9.34401962873412,9.34401962873412,108400,CPZ,1351
2020-06-29,9.606523513793945,9.6940262203706,9.431518696704064,9.431518696704064,32800,CPZ,1351
2020-06-30,9.675278663635254,9.750281350572381,9.506524108185799,9.531524805143631,79000,CPZ,1351
2020-07-01,9.562773704528809,9.744028866290298,9.556523382659636,9.675276517856405,35500,CPZ,1351
2020-07-02,9.512774467468262,9.727780581332617,9.512774467468262,9.62527730617276,175300,CPZ,1351
2020-07-06,9.619030952453613,9.844037304838363,9.52527785857875,9.606530301511427,74300,CPZ,1351
2020-07-07,9.550271034240723,9.881530870252124,9.487769617002188,9.487769617002188,58600,CPZ,1351
2020-07-08,9.65965461730957,9.70653085525468,9.562776979414513,9.690905641294211,37300,CPZ,1351
2020-07-09,9.6002779006958,9.687780650183623,9.531526123567758,9.631528925231718,47900,CPZ,1351
2020-07-10,9.496405601501465,9.663230310707045,9.392533771337314,9.581391808098449,75400,CPZ,1351
2020-07-13,9.568800926208496,9.73877333823122,9.47437220866019,9.512143455534254,55400,CPZ,1351
2020-07-14,9.43030834197998,9.675823936332433,9.37994626114307,9.56880436446316,66000,CPZ,1351
2020-07-15,9.757658958435059,9.757658958435059,9.532288637689964,9.70100148777959,64200,CPZ,1351
2020-07-16,9.946516036987305,9.990582687540993,9.593981031468546,9.612867253445629,47900,CPZ,1351
2020-07-17,9.776543617248535,9.984287255579153,9.663229287481073,9.984287255579153,27400,CPZ,1351
2020-07-20,9.820613861083984,9.984290298490212,9.757660969522405,9.984290298490212,47900,CPZ,1351
2020-07-21,9.883563041687012,10.166849763830436,9.757657898552498,9.820610770301293,60500,CPZ,1351
2020-07-22,9.833202362060547,10.031503515597004,9.801725921776313,9.940221898809043,35000,CPZ,1351
2020-07-23,9.820613861083984,10.003176526176647,9.820613861083984,9.839499488407151,44000,CPZ,1351
2020-07-24,9.908744812011719,10.059830995082367,9.82690631275767,10.040945372289316,19600,CPZ,1351
2020-07-27,9.795431137084961,9.937074218152933,9.455486902013394,9.845793201513105,70500,CPZ,1351
2020-07-28,9.562503814697266,9.751361816511618,9.55620900824845,9.72618078962724,92300,CPZ,1351
2020-07-29,9.6884126663208,9.745069544765336,9.493259194912188,9.493259194912188,136500,CPZ,1351
2020-07-30,9.656935691833496,9.707297759036646,9.47437304813128,9.675821316943878,97600,CPZ,1351
2020-07-31,9.625454902648926,9.688407758403407,9.505845197150926,9.555577460899366,65300,CPZ,1351
2020-08-03,9.575096130371094,9.745067938413447,9.518438660902598,9.707296692343204,25400,CPZ,1351
2020-08-04,9.5845365524292,9.69470315618807,9.543617013579079,9.568798037347243,41000,CPZ,1351
2020-08-05,10.02835464477539,10.02835464477539,9.625457576811538,9.64434319863955,65600,CPZ,1351
2020-08-06,9.896157264709473,10.085015344641056,9.73248022207788,10.085015344641056,43900,CPZ,1351
2020-08-07,10.053533554077148,10.059828359783745,9.977990482331283,9.977990482331283,16200,CPZ,1351
2020-08-10,10.022058486938477,10.173144650975606,10.00946767308719,10.05353492120364,36600,CPZ,1351
2020-08-11,10.160557746887207,10.217215230293585,9.89867508185685,10.14796812891756,41200,CPZ,1351
2020-08-12,10.387185096740723,10.387185096740723,10.1353747890862,10.141670196868345,45200,CPZ,1351
2020-08-13,10.349160194396973,10.449926917263106,10.330147217453504,10.368173171340441,20700,CPZ,1351
2020-08-14,10.254096984863281,10.456897222438341,10.235084009296331,10.456897222438341,29100,CPZ,1351
2020-08-17,10.22874927520752,10.298462330099428,10.140024448097899,10.247762256210343,40900,CPZ,1351
2020-08-18,10.197060585021973,10.33648546418073,10.076647475102863,10.33648546418073,55700,CPZ,1351
2020-08-19,10.146361351013184,10.279448581742745,10.10833599623866,10.146361351013184,34400,CPZ,1351
2020-08-20,10.000595092773438,10.209733572544481,9.98158272348237,10.209733572544481,50000,CPZ,1351
2020-08-21,10.051294326782227,10.06460304463898,9.829481758110704,10.051294326782227,41700,CPZ,1351
2020-08-24,10.044960021972656,10.044960021972656,9.899196884379466,9.918209257320337,61600,CPZ,1351
2020-08-25,9.930883407592773,10.07664592365071,9.829483291310318,10.07664592365071,46300,CPZ,1351
2020-08-26,9.918210983276367,10.03862410977174,9.842160873886284,9.911873927454934,67100,CPZ,1351
2020-08-27,9.810470581054688,10.081716443385888,9.753433467400319,9.886521274711948,77000,CPZ,1351
2020-08-28,9.892858505249023,9.968908595869895,9.721745952450162,9.772446012864075,92500,CPZ,1351
2020-08-31,9.892858505249023,9.943558565662936,9.766108354214238,9.836454793807212,116500,CPZ,1351
2020-09-01,9.880186080932617,9.880186080932617,9.759772956263454,9.816810688539107,41400,CPZ,1351
2020-09-02,9.873847961425781,9.886523281071767,9.66471002240706,9.804135516550376,98100,CPZ,1351
2020-09-03,9.639358520507812,9.835821714373607,9.563308427383367,9.835821714373607,66000,CPZ,1351
2020-09-04,9.556968688964844,9.729982628285592,9.411206193291791,9.702731789030178,76200,CPZ,1351
2020-09-08,9.430219650268555,9.588657479195662,9.430219650268555,9.512607393837733,45900,CPZ,1351
2020-09-09,9.569647789001465,9.664710271223706,9.40487225571656,9.461909986806914,91200,CPZ,1351
2020-09-10,9.664710998535156,9.980952761175596,9.525285490309976,9.556973188232867,67200,CPZ,1351
2020-09-11,9.671089172363281,9.734924989578825,9.632788169060731,9.71577448792755,26200,CPZ,1351
2020-09-14,9.913665771484375,9.913665771484375,9.6596003046331,9.677474189772195,44300,CPZ,1351
2020-09-15,9.785995483398438,10.064957175200925,9.64555702089322,9.894516030500158,51000,CPZ,1351
2020-09-16,9.785995483398438,9.862598115096665,9.58810550370725,9.741310767103704,58700,CPZ,1351
2020-09-17,9.728544235229492,9.971119561886436,9.645557891206039,9.773229564339754,63600,CPZ,1351
2020-09-18,9.664709091186523,9.95196914065905,9.613640665004015,9.95196914065905,67400,CPZ,1351
2020-09-21,9.46043586730957,9.651942791943247,9.434901651277329,9.651942791943247,36900,CPZ,1351
2020-09-22,9.34553050994873,9.500651011715403,9.10295519710652,9.492352073393858,130000,CPZ,1351
2020-09-23,9.122105598449707,9.345530402353662,9.071037176205994,9.230626147913501,197300,CPZ,1351
2020-09-24,8.952940940856934,9.125297320044899,8.936982287428538,9.07742075097611,151000,CPZ,1351
2020-09-25,8.968899726867676,9.064652859921267,8.802927061376781,8.98166652717582,92700,CPZ,1351
2020-09-28,9.268929481506348,9.268929481506348,9.00081991079939,9.00081991079939,58300,CPZ,1351
2020-09-29,9.160407066345215,9.402981763554742,9.10295494008584,9.205091782865347,92700,CPZ,1351
2020-09-30,9.2785005569458,9.492349753585247,9.166788181008751,9.166788181008751,76600,CPZ,1351
2020-10-01,9.305315971374512,9.473203925030386,9.12849168072153,9.383833858437804,147500,CPZ,1351
2020-10-02,9.230624198913574,9.340421344432801,9.128487375991824,9.275308906745968,129700,CPZ,1351
2020-10-05,9.434901237487793,9.54980550898535,9.26892914494918,9.345531789686317,113600,CPZ,1351
2020-10-06,9.517885208129883,9.664707363749852,9.383830461165367,9.434898878220082,113900,CPZ,1351
2020-10-07,9.734930038452148,9.760464256824605,9.39021778603208,9.568957314639281,48800,CPZ,1351
2020-10-08,9.600872993469238,9.664708828856503,9.49426767192644,9.664708828856503,105300,CPZ,1351
2020-10-09,9.715778350830078,9.722161448062716,9.50512092256022,9.50512092256022,67700,CPZ,1351
2020-10-12,9.9072847366333,9.977503672682895,9.696626710917156,9.703010416589942,85200,CPZ,1351
2020-10-13,9.830135345458984,9.965147039552285,9.627618110883702,9.965147039552285,103500,CPZ,1351
2020-10-14,9.823705673217773,9.869352537702298,9.560111569982958,9.675836049697487,111900,CPZ,1351
2020-10-15,9.740127563476562,9.945860052932119,9.650120174148528,9.945860052932119,79900,CPZ,1351
2020-10-16,9.642402648925781,9.759412837619104,9.547251742290792,9.759412837619104,39400,CPZ,1351
2020-10-19,9.662976264953613,9.740125703846207,9.579397552870994,9.73369704378542,109300,CPZ,1351
2020-10-20,9.746556282043457,9.791559974140894,9.651405355982027,9.720839798969305,87100,CPZ,1351
2020-10-21,9.695120811462402,9.836561738398037,9.572967701696964,9.656546403380332,104700,CPZ,1351
2020-10-22,9.752984046936035,9.765841979918838,9.662976063539507,9.675834609651536,64000,CPZ,1351
2020-10-23,9.566540718078613,9.805704067420018,9.54725350942316,9.66940664841344,59600,CPZ,1351
2020-10-26,9.47010326385498,9.643689977756663,9.335092192770512,9.585827739789435,114200,CPZ,1351
2020-10-27,9.437956809997559,9.643688638075147,9.405811058578132,9.4765312211975,166100,CPZ,1351
2020-10-28,9.052206993103027,9.405808953312958,9.000774047595662,9.405808953312958,113400,CPZ,1351
2020-10-29,9.277230262756348,9.290088197659601,9.06378277994675,9.065069125253462,36000,CPZ,1351
2020-10-30,9.084360122680664,9.29009207196495,9.007210641699057,9.116505893038726,97900,CPZ,1351
2020-11-02,9.257943153381348,9.527966551558496,9.097214969377301,9.148647939208248,33800,CPZ,1351
2020-11-03,9.405813217163086,9.5215377035795,9.296518005131885,9.296518005131885,70000,CPZ,1351
2020-11-04,9.669405937194824,9.933000017571882,9.328662414741258,9.328662414741258,131900,CPZ,1351
2020-11-05,9.701552391052246,9.82692016682738,9.4315290177448,9.707981664971307,65400,CPZ,1351
2020-11-06,9.701552391052246,9.772272564773985,9.656548699877442,9.701552391052246,75900,CPZ,1351
2020-11-09,9.952286720275879,10.151589895383434,9.772271364556596,9.797987843945066,153900,CPZ,1351
2020-11-10,10.305889129638672,10.363751360112191,9.9329992680459,9.9329992680459,157900,CPZ,1351
2020-11-11,10.556623458862305,10.608056410590594,10.363750196445794,10.363750196445794,175500,CPZ,1351
2020-11-12,10.478957176208496,10.666658664016046,10.265364529629784,10.640769357038335,49100,CPZ,1351
2020-11-13,10.61487865447998,10.841415951110468,10.537209500196298,10.582516712616604,76100,CPZ,1351
2020-11-16,10.815522193908691,10.880247292917833,10.582513565815795,10.75079832942813,135500,CPZ,1351
2020-11-17,10.847888946533203,11.139150136560163,10.446594187648227,10.74432924769753,149900,CPZ,1351
2020-11-18,10.919085502624512,11.143032740347703,10.789635276039622,10.925556902877787,102000,CPZ,1351
2020-11-19,10.951446533203125,11.213582664746236,10.67960206755689,10.796107014909383,133500,CPZ,1351
2020-11-20,11.009699821472168,11.158566716535368,10.666657588278456,10.990281917300463,113100,CPZ,1351
2020-11-23,11.074427604675293,11.15856940731832,10.965042150163132,11.106789551569733,110700,CPZ,1351
2020-11-24,11.210344314575195,11.326849247213971,10.977982576810415,11.13267518250174,207200,CPZ,1351
2020-11-25,11.171514511108398,11.280899963967965,11.074427437362733,11.074427437362733,78600,CPZ,1351
2020-11-27,11.281549453735352,11.281549453735352,11.203879036145093,11.216824311498371,17800,CPZ,1351
2020-11-30,11.119730949401855,11.29448836460649,11.003226005932097,11.003226005932097,133700,CPZ,1351
2020-12-01,11.21682357788086,11.32944475012388,11.02588509976095,11.177988988890345,93000,CPZ,1351
2020-12-02,11.294492721557617,11.501612152278145,11.1456245505142,11.1456245505142,131000,CPZ,1351
2020-12-03,11.378631591796875,11.56633429904318,11.326851747475287,11.326851747475287,120000,CPZ,1351
2020-12-04,11.611640930175781,11.68283744099139,11.268598707050367,11.320378548792995,352700,CPZ,1351
2020-12-07,11.546916961669922,11.766981619478681,11.514555020327604,11.514555020327604,114400,CPZ,1351
2020-12-08,11.559864044189453,11.65047848177617,11.521028227055899,11.521028227055899,56900,CPZ,1351
2020-12-09,11.559864044189453,11.676369026531875,11.423941153280254,11.423941153280254,133900,CPZ,1351
2020-12-10,11.637534141540527,11.677663748408692,11.410996794899443,11.5210291498663,88200,CPZ,1351
2020-12-11,11.461594581604004,11.69486624454028,11.240051439316279,11.572366152747868,87700,CPZ,1351
2020-12-14,11.409472465515137,11.650562846464767,11.402956341324117,11.409472465515137,155800,CPZ,1351
2020-12-15,11.494178771972656,11.56585489012201,11.27263553662331,11.44856714872253,140000,CPZ,1351
2020-12-16,11.481149673461914,11.565856810300549,11.31825028176754,11.487664555444809,134400,CPZ,1351
2020-12-17,11.565855026245117,11.565855026245117,11.34431178828834,11.565855026245117,180200,CPZ,1351
2020-12-18,11.481149673461914,11.663596196752428,11.422505793026042,11.422505793026042,91300,CPZ,1351
2020-12-21,11.220508575439453,11.683143449711663,11.09018982028744,11.272636326064982,194300,CPZ,1351
2020-12-22,11.161863327026367,11.40947104414411,11.09018845550151,11.09018845550151,214400,CPZ,1351
2020-12-23,11.253087997436523,11.58540283832815,11.174895758417062,11.20747637585162,192300,CPZ,1351
2020-12-24,11.279153823852539,11.40491267449898,11.24657444180283,11.24657444180283,54100,CPZ,1351
2020-12-28,11.350823402404785,11.556076870722329,11.292179554314059,11.350823402404785,205600,CPZ,1351
2020-12-29,11.43553638458252,11.631016393211977,11.246573743346763,11.370377624529718,269600,CPZ,1351
2020-12-30,11.396173477172852,11.613336753461247,11.396173477172852,11.474902813889141,267100,CPZ,1351
2020-12-31,11.435542106628418,11.625805779080757,11.317446809267329,11.317446809267329,313400,CPZ,1351
2021-01-04,11.547070503234863,11.743895063812827,11.44865822294588,11.520826561088446,76400,CPZ,1351
2021-01-05,11.415853500366211,11.60611833020601,11.356805880855934,11.547070710695731,88300,CPZ,1351
2021-01-06,11.717653274536133,12.091620719233221,11.494584754650127,11.494584754650127,104600,CPZ,1351
2021-01-07,12.137544631958008,12.255639861030284,11.76357724081577,11.802941900046545,248300,CPZ,1351
2021-01-08,11.980083465576172,12.137543337080832,11.894791919732095,12.137543337080832,68700,CPZ,1351
2021-01-11,11.652044296264648,11.914477472702572,11.559536022806986,11.914477472702572,76900,CPZ,1351
2021-01-12,11.737332344055176,11.80950192291454,11.652042047441261,11.652042047441261,49800,CPZ,1351
2021-01-13,11.789822578430176,11.993209408136655,11.566754040376786,11.730774950628971,86000,CPZ,1351
2021-01-14,11.757012367248535,11.8751075572625,11.57986958222759,11.8751075572625,74300,CPZ,1351
2021-01-15,11.540504455566406,12.137540112332967,11.540504455566406,11.796376522357935,50800,CPZ,1351
2021-01-19,11.993206024169922,12.104740261726455,11.547069073943794,11.684845999018396,73600,CPZ,1351
2021-01-20,11.901354789733887,12.091619613392487,11.809503496315264,11.97352437820853,66500,CPZ,1351
2021-01-21,12.117864608764648,12.137547568832622,11.705188181634139,11.705188181634139,84100,CPZ,1351
2021-01-22,11.822624206542969,12.130982981124985,11.75701561050555,12.130982981124985,94500,CPZ,1351
2021-01-25,11.678287506103516,11.973525624801361,11.652044812986013,11.822626698080306,91200,CPZ,1351
2021-01-26,11.57987117767334,11.704527367793958,11.422411319753477,11.684844416286582,91300,CPZ,1351
2021-01-27,11.297755241394043,11.547067624101562,11.251829605468902,11.547067624101562,84300,CPZ,1351
2021-01-28,11.514262199401855,11.645479368899066,11.29775474569723,11.29775474569723,80500,CPZ,1351
2021-01-29,11.415853500366211,11.774074807716524,11.35024489520145,11.5077060481489,56800,CPZ,1351
2021-02-01,11.724213600158691,11.820001738482741,11.448658458843745,11.448658458843745,57600,CPZ,1351
2021-02-02,11.77013874053955,11.927598635727168,11.73733381359629,11.73733381359629,46900,CPZ,1351
2021-02-03,11.645480155944824,11.914474245352041,11.632358187832336,11.868548608338092,61800,CPZ,1351
2021-02-04,11.87511157989502,11.918413080809662,11.59955646031275,11.59955646031275,92900,CPZ,1351
2021-02-05,11.855428695678711,12.01944957138291,11.737333464950892,11.796381080314802,54400,CPZ,1351
2021-02-08,12.098180770874023,12.098180770874023,11.805566822653594,11.848868326078138,49200,CPZ,1351
2021-02-09,11.953838348388672,12.163786074390831,11.9210346809963,12.13098115561876,88900,CPZ,1351
2021-02-10,11.986645698547363,12.170348275414634,11.829185810641153,12.039132327849433,73600,CPZ,1351
2021-02-11,12.01968765258789,12.125413223445051,11.909336603760083,12.125413223445051,35900,CPZ,1351
2021-02-12,12.026293754577637,12.102283917830402,11.920568200456568,12.059332517609961,57900,CPZ,1351
2021-02-16,11.993253707885742,12.521882737811593,11.834665377012392,12.019685726538643,93900,CPZ,1351
2021-02-17,12.283997535705566,12.328931455683826,11.894134148886463,12.118801228082143,93600,CPZ,1351
2021-02-18,12.257568359375,12.422764705244465,12.085765268777083,12.2707843695281,49100,CPZ,1351
2021-02-19,12.151840209960938,12.39633130431337,11.933781130283505,12.184880228304687,148100,CPZ,1351
2021-02-22,12.270787239074707,12.383120830949286,12.039512048703699,12.191493680309351,69600,CPZ,1351
2021-02-23,12.455801963806152,12.535095486415003,11.656251172022037,12.383115184458191,119600,CPZ,1351
2021-02-24,12.60778522491455,12.687080026482366,12.158450956842534,12.376510085718882,106600,CPZ,1351
2021-02-25,12.250961303710938,12.720118309105686,12.132019736048026,12.594568736533938,249800,CPZ,1351
2021-02-26,12.098976135253906,12.469016738682656,12.098976135253906,12.270780431057034,146300,CPZ,1351
2021-03-01,12.396329879760742,12.548310165633342,12.290604353906092,12.297212356815468,141100,CPZ,1351
2021-03-02,12.317038536071777,12.482234873778097,12.20470497601756,12.317038536071777,183800,CPZ,1351
2021-03-03,12.594568252563477,12.687079057384205,12.297215605180606,12.448535508838411,70400,CPZ,1351
2021-03-04,12.528487205505371,12.720115524872995,12.447211157578062,12.601173983244509,91000,CPZ,1351
2021-03-05,12.766376495361328,12.891926101490416,12.352725108220929,12.614396122880457,86200,CPZ,1351
2021-03-08,12.885309219360352,13.050505491403433,12.819230458473612,13.050505491403433,102300,CPZ,1351
2021-03-09,12.9381742477417,13.017469026798219,12.297213053396874,12.971213003812391,92600,CPZ,1351
2021-03-10,13.030686378479004,13.164826477298226,12.792804514440926,12.93817683470575,106300,CPZ,1351
2021-03-11,12.950872421264648,13.205633669582463,12.924266254332515,13.110513228994524,53600,CPZ,1351
2021-03-12,13.01073169708252,13.070597130108549,12.871046532496292,13.004079841333876,56200,CPZ,1351
2021-03-15,13.077252388000488,13.183679570243074,13.010735081920851,13.097207960438006,105000,CPZ,1351
2021-03-16,13.11050796508789,13.283452421202318,12.99743021513692,13.137115390049427,134800,CPZ,1351
2021-03-17,13.24354076385498,13.369923477929856,12.984124749074901,13.030686467757308,114600,CPZ,1351
2021-03-18,13.170369148254395,13.363269110779537,13.004076602096074,13.363269110779537,168200,CPZ,1351
2021-03-19,13.137112617492676,13.296753327434539,13.024033622694908,13.1171570529831,92900,CPZ,1351
2021-03-22,13.236889839172363,13.236889839172363,12.937563940006882,13.137114539450536,73300,CPZ,1351
2021-03-23,13.090554237365723,13.303408571516076,13.05729495470979,13.1969814044409,133000,CPZ,1351
2021-03-24,13.203629493713379,13.256843062068075,13.103854211637268,13.117156652192282,38200,CPZ,1351
2021-03-25,13.21693229675293,13.236886590573047,12.9109533481594,13.203628588398546,131400,CPZ,1351
2021-03-26,13.236889839172363,13.323362695986578,13.024035528109327,13.203631828835677,145300,CPZ,1351
2021-03-29,13.203629493713379,13.351297367922182,13.047978886460022,13.083898647737426,40300,CPZ,1351
2021-03-30,13.303406715393066,13.322696208543858,13.183675851960652,13.190327707563757,62900,CPZ,1351
2021-03-31,13.423140525817871,13.769029480847328,13.23689233417616,13.24354419123965,75200,CPZ,1351
2021-04-01,13.316709518432617,13.662598373934888,13.236888525350691,13.542867518667821,61700,CPZ,1351
2021-04-05,13.396530151367188,13.629340022541225,13.22358571188681,13.22358571188681,150100,CPZ,1351
2021-04-06,13.469704627990723,13.469704627990723,13.27015395580168,13.356625575427003,68000,CPZ,1351
2021-04-07,13.403179168701172,13.715809972167744,13.316707601628128,13.449740879333692,153500,CPZ,1351
2021-04-08,13.569472312927246,13.921348183472318,13.371251362924827,13.483000742058989,87700,CPZ,1351
2021-04-09,13.755724906921387,13.819580447058003,13.502959429155839,13.629342168038614,58700,CPZ,1351
2021-04-12,13.536213874816895,14.028439672428775,13.303404050196166,13.755719990896672,244400,CPZ,1351
2021-04-13,13.482660293579102,13.609855563387011,13.467932890658213,13.576383728796392,112100,CPZ,1351
2021-04-14,13.5429105758667,13.62324476625429,13.475296550855271,13.549605198138051,59800,CPZ,1351
2021-04-15,13.616549491882324,13.837466908782599,13.475964984653835,13.569688415095687,103300,CPZ,1351
2021-04-16,13.62324333190918,13.743743966369141,13.308602502626275,13.589770224076688,124900,CPZ,1351
2021-04-19,13.62324333190918,13.70357623697015,13.522826562148712,13.676799027572661,161000,CPZ,1351
2021-04-20,13.469271659851074,13.891022628434378,13.328687152410922,13.663410589240666,162700,CPZ,1351
2021-04-21,13.469271659851074,13.71696628805868,13.348771018293395,13.348771018293395,71300,CPZ,1351
2021-04-22,13.509439468383789,13.775209474828731,13.455883764199529,13.536216682041564,63200,CPZ,1351
2021-04-23,13.797301292419434,13.810689260265944,13.589771829940346,13.797301292419434,56700,CPZ,1351
2021-04-26,13.716967582702637,13.897718562098918,13.676801124015252,13.897718562098918,59100,CPZ,1351
2021-04-27,13.817383766174316,13.951273658460265,13.72031493497908,13.88432871231729,67400,CPZ,1351
2021-04-28,13.917799949645996,13.937882536976508,13.7303543810609,13.81738190551955,79700,CPZ,1351
2021-04-29,13.884323120117188,13.951268039296703,13.785914893350222,13.951268039296703,38300,CPZ,1351
2021-04-30,13.884323120117188,13.951268039296703,13.803990238596274,13.91779621814101,37500,CPZ,1351
2021-05-03,13.824080467224121,13.957970379643305,13.757135511014528,13.951275756335463,74600,CPZ,1351
2021-05-04,13.790604591369629,13.890352278785675,13.670103960833817,13.84416028528905,70300,CPZ,1351
2021-05-05,13.78391170501709,13.837467405677625,13.683494925887166,13.790606327208236,54100,CPZ,1351
2021-05-06,13.76382827758789,13.889684114312232,13.714958683215077,13.770522899992631,71600,CPZ,1351
2021-05-07,13.850852966308594,13.857547586719248,13.723657732242737,13.790602659480992,47300,CPZ,1351
2021-05-10,13.891027450561523,13.948600197915535,13.853538576061894,13.897722074846317,109100,CPZ,1351
2021-05-11,13.696881294250488,13.890352405440979,13.656714842661792,13.79060471711541,41900,CPZ,1351
2021-05-12,13.589768409729004,13.922484545134216,13.576380445251916,13.696879786755705,64100,CPZ,1351
2021-05-13,13.717782974243164,13.778421605080029,13.6436688065319,13.663882111843499,59000,CPZ,1351
2021-05-14,13.744731903076172,13.925974392934588,13.717782116111179,13.778420743154722,46200,CPZ,1351
2021-05-17,13.94686222076416,14.041188410447862,13.75147078773597,13.76494632486163,104400,CPZ,1351
2021-05-18,13.96707820892334,13.983921992566179,13.822219356417955,13.946866182591261,26200,CPZ,1351
2021-05-19,13.933392524719238,13.973817867945153,13.839066295492609,13.86601609594372,29600,CPZ,1351
2021-05-20,14.041190147399902,14.041190147399902,13.818848897713838,13.980551507931148,101500,CPZ,1351
2021-05-21,13.987293243408203,14.047931900070978,13.91991681543862,14.034456357457367,67300,CPZ,1351
2021-05-24,14.044559478759766,14.068141030926668,13.919913948006402,14.034453466430584,83900,CPZ,1351
2021-05-25,13.980558395385742,14.014245973865247,13.812117932790734,13.987296168101391,177900,CPZ,1351
2021-05-26,14.027716636657715,14.061405488509857,13.933390421668312,14.007504610644727,50000,CPZ,1351
2021-05-27,13.919916152954102,14.108569885270718,13.812114387372723,14.108569885270718,81500,CPZ,1351
2021-05-28,13.879488945007324,13.998070100135745,13.785161448989147,13.785161448989147,32600,CPZ,1351
2021-06-01,13.933392524719238,13.994031182107355,13.839066295492609,13.839066295492609,95400,CPZ,1351
2021-06-02,14.189421653747559,14.196159425249776,13.980555877572849,13.980555877572849,77100,CPZ,1351
2021-06-03,14.32416820526123,14.572112432915281,14.11530252107053,14.182677636223826,118900,CPZ,1351
2021-06-04,14.115309715270996,14.31743773394609,14.047933280679766,14.31743773394609,72400,CPZ,1351
2021-06-07,14.371337890625,14.446125485032972,14.148996567398395,14.182684140424215,83200,CPZ,1351
2021-06-08,14.196157455444336,14.364597864332094,14.16920765827343,14.364597864332094,63700,CPZ,1351
2021-06-09,14.30395793914795,14.398285433582803,14.230518431178456,14.303957939147947,59100,CPZ,1351
2021-06-10,14.33090877532959,14.417150430298713,14.148992844618077,14.2972199260692,50000,CPZ,1351
2021-06-11,14.41225814819336,14.56817596291535,13.564877033833454,14.56817596291535,111700,CPZ,1351
2021-06-14,14.134313583374023,14.452928334327547,14.100417571782819,14.452928334327547,82900,CPZ,1351
2021-06-15,13.958061218261719,14.297013649413287,13.907217836388618,14.208885293233369,151000,CPZ,1351
2021-06-16,14.073307991027832,14.371586553828362,14.07330799102783,14.371586553828362,93400,CPZ,1351
2021-06-17,14.100418090820312,14.364801818961162,14.012291043440484,14.364801818961162,67900,CPZ,1351
2021-06-18,14.0665283203125,14.18651753267924,13.910610485395573,14.100423052076653,66000,CPZ,1351
2021-06-21,14.20888900756836,14.23600582978951,14.11398271579683,14.17499427279317,39800,CPZ,1351
2021-06-22,13.985174179077148,14.371580965942192,13.883488726955052,14.222441096029154,95900,CPZ,1351
2021-06-23,14.039411544799805,14.113981506517602,13.903831324314245,14.113981506517602,91200,CPZ,1351
2021-06-24,14.005516052246094,14.154654674580373,13.978400526822165,14.04618998688252,58800,CPZ,1351
2021-06-25,14.168208122253418,14.208882042646318,13.944499620591545,13.978395631752807,55600,CPZ,1351
2021-06-28,14.141098976135254,14.303796023993804,14.046191395133533,14.242784469421698,46200,CPZ,1351
2021-06-29,14.093642234802246,14.269896355243448,14.03940860635773,14.134316163134764,62000,CPZ,1351
2021-06-30,14.08686637878418,14.22244660311152,14.019075620119922,14.019075620119922,62300,CPZ,1351
2021-07-01,14.12753963470459,14.276678262164602,14.086865698670245,14.086865698670245,39400,CPZ,1351
2021-07-02,14.154654502868652,14.25430738707044,14.113980568725644,14.15465450286865,42800,CPZ,1351
2021-07-06,13.978397369384766,14.19532669578052,13.863153503111924,14.19532669578052,86800,CPZ,1351
2021-07-07,13.842818260192871,14.093643644839801,13.761469102388164,13.991956874333669,64700,CPZ,1351
2021-07-08,13.727575302124023,13.897051540421852,13.688935257680571,13.80892446542746,52800,CPZ,1351
2021-07-09,13.781806945800781,13.924845183626347,13.727574604023445,13.788586150148076,101600,CPZ,1351
2021-07-12,13.925152778625488,14.027543349401395,13.802283572907701,13.829588419496874,43200,CPZ,1351
2021-07-13,13.959285736083984,14.034371470486462,13.856893849410467,13.918328460627809,37700,CPZ,1351
2021-07-14,13.91150188446045,13.993415131264992,13.8978507616321,13.959285371243785,71700,CPZ,1351
2021-07-15,13.815937042236328,13.918327620764446,13.653477619417536,13.918327620764446,63200,CPZ,1351
2021-07-16,13.65211009979248,13.863717441788594,13.351763313046376,13.853478775843087,99100,CPZ,1351
2021-07-19,13.331287384033203,13.918327294762316,13.317634960024737,13.508764990242828,49700,CPZ,1351
2021-07-20,13.399543762207031,13.78316819402595,13.32445805167783,13.460978353891429,116900,CPZ,1351
2021-07-21,13.525826454162598,13.911497570273388,13.420022147761507,13.481456738321302,48200,CPZ,1351
2021-07-22,13.65211009979248,13.809109053468092,13.55654574572327,13.563371957009167,28700,CPZ,1351
2021-07-23,13.713547706604004,13.815938294412055,13.522417654586537,13.68624285547281,36000,CPZ,1351
2021-07-26,13.611154556274414,13.72719754780108,13.556546166259908,13.686240278815163,56400,CPZ,1351
2021-07-27,13.59749984741211,13.650060234944755,13.515586625177372,13.570195006011698,90500,CPZ,1351
2021-07-28,13.65211009979248,13.67941494493607,13.523098221799046,13.563371957009167,78900,CPZ,1351
2021-07-29,13.645284652709961,13.774980070472242,13.515589234947678,13.7135454674252,45600,CPZ,1351
2021-07-30,13.713547706604004,13.754503681333833,13.657573542965235,13.679417944656976,37200,CPZ,1351
2021-08-02,13.727200508117676,13.914916807901268,13.515591811956469,13.71354808217818,74600,CPZ,1351
2021-08-03,13.836413383483887,13.972933698219173,13.65210959152629,13.754500153069413,87500,CPZ,1351
2021-08-04,13.679415702819824,13.795457395209134,13.672589491155732,13.795457395209134,41700,CPZ,1351
2021-08-05,13.720370292663574,13.922421190151574,13.67941432875969,13.821395090424264,51400,CPZ,1351
2021-08-06,13.795455932617188,13.918325125610766,13.734022638087007,13.802282143557564,25200,CPZ,1351
2021-08-09,13.788637161254883,13.85689669710919,13.713550109454518,13.85689669710919,78800,CPZ,1351
2021-08-10,13.836413383483887,13.843239594515646,13.727196610909006,13.754500153069413,38100,CPZ,1351
2021-08-11,13.925152778625488,13.966108746542501,13.761327604990687,13.911500355330901,126400,CPZ,1351
2021-08-12,14.000760078430176,14.075677717977445,13.849548287506058,13.911407418163444,33200,CPZ,1351
2021-08-13,14.02137565612793,14.117601676434223,13.84954506889361,14.03512241773788,66600,CPZ,1351
2021-08-16,14.000760078430176,14.083238045330923,13.93890094777279,14.055745826685222,50300,CPZ,1351
2021-08-17,13.918277740478516,14.090108329867139,13.706582066306575,14.007629070136721,83500,CPZ,1351
2021-08-18,13.705212593078613,14.048873882597388,13.705212593078613,13.863296471625942,123000,CPZ,1351
2021-08-19,13.835800170898438,13.835800170898436,13.717581413634086,13.74644883032527,59500,CPZ,1351
2021-08-20,13.718955039978027,14.014503893909211,13.705209587743909,13.877040194823575,59500,CPZ,1351
2021-08-23,13.718955039978027,13.828927834595428,13.712082969342715,13.732701803175638,55500,CPZ,1351
2021-08-24,13.808308601379395,13.911406710240701,13.7258293277122,13.7258293277122,56600,CPZ,1351
2021-08-25,13.835800170898438,13.890785913781198,13.815181336669601,13.85642031609079,66300,CPZ,1351
2021-08-26,13.890786170959473,13.890786170959473,13.787688065015946,13.883914100064974,58300,CPZ,1351
2021-08-27,13.85642147064209,13.877041617552567,13.746449975713473,13.85642147064209,86400,CPZ,1351
2021-08-30,13.808308601379395,13.883914492994023,13.794561837274264,13.849547582731201,60000,CPZ,1351
2021-08-31,13.863295555114746,13.883915703069624,13.776005037499166,13.808309804865436,46200,CPZ,1351
2021-09-01,13.918277740478516,13.918277740478516,13.801432887255716,13.86329200431269,59000,CPZ,1351
2021-09-02,13.85642147064209,13.918280600409892,13.780815576267305,13.918280600409892,69600,CPZ,1351
2021-09-03,13.870856285095215,13.912783527197208,13.822056971105951,13.870169340099233,56500,CPZ,1351
2021-09-07,13.99938678741455,14.090113349960829,13.835803410235014,13.835803410235014,80800,CPZ,1351
2021-09-08,14.028253555297852,14.103859457541152,13.980141185129845,14.069492542447032,103400,CPZ,1351
2021-09-09,14.069494247436523,14.220706070247495,13.905912169041873,14.04200202299339,131000,CPZ,1351
2021-09-10,14.042000770568848,14.151972280460726,13.9608966837013,14.151972280460726,49800,CPZ,1351
2021-09-13,14.090445518493652,14.173492589284997,13.855143284569186,14.083524709259475,61900,CPZ,1351
2021-09-14,13.94857120513916,14.25653993339793,13.916043536127587,14.125047207621286,42100,CPZ,1351
2021-09-15,14.076602935791016,14.18041242717404,13.931268591847342,13.972793444407992,20700,CPZ,1351
2021-09-16,13.986631393432617,14.28421952010294,13.986631393432617,14.090442187394137,38000,CPZ,1351
2021-09-17,14.249618530273438,14.249618530273438,13.979713601262,14.028157940314388,52700,CPZ,1351
2021-09-20,13.50910758972168,14.152728178167761,13.509107589721681,14.145807370548988,121800,CPZ,1351
2021-09-21,13.95895004272461,14.055838712963698,13.585234337501033,13.585234337501033,40800,CPZ,1351
2021-09-22,14.028162002563477,14.284225388850523,13.841304080672094,13.972796839041173,81200,CPZ,1351
2021-09-23,14.014314651489258,14.256537637862493,13.945107895381321,14.104282510423218,33000,CPZ,1351
2021-09-24,13.979711532592773,14.158263875824083,13.945107495526482,13.945107495526482,65200,CPZ,1351
2021-09-27,13.910504341125488,14.08352056099021,13.882821112342812,14.048916525011865,47300,CPZ,1351
2021-09-28,13.917430877685547,14.041309813460744,13.661366186068095,13.931271177765495,108700,CPZ,1351
2021-09-29,13.997014999389648,14.06276069970483,13.783858586985852,13.972792829799358,39100,CPZ,1351
2021-09-30,14.083521842956543,14.249617270744595,14.007394276883598,14.055838611653973,42800,CPZ,1351
2021-10-01,14.076602935791016,14.184565176431965,13.993554550679017,14.069682127030907,63500,CPZ,1351
2021-10-04,13.945109367370605,14.233700343194748,13.765172310500178,14.111204807556566,125500,CPZ,1351
2021-10-05,14.104283332824707,14.284220381193592,13.945108708501557,14.09736384481862,59600,CPZ,1351
2021-10-06,14.118125915527344,14.270381062269362,14.028158045187354,14.270381062269362,72400,CPZ,1351
2021-10-07,14.284914016723633,14.533364831397725,14.187332335412064,14.533364831397725,24700,CPZ,1351
2021-10-08,14.402671813964844,14.493254070457409,14.193635019582905,14.493254070457409,38200,CPZ,1351
2021-10-11,14.360865592956543,14.59080661234925,14.353897522184205,14.59080661234925,67800,CPZ,1351
2021-10-12,14.423577308654785,14.535063786116819,14.381072474448949,14.444480192539139,31500,CPZ,1351
2021-10-13,14.47932243347168,14.493257248201857,14.444482074086688,14.458418217840684,38600,CPZ,1351
2021-10-14,14.486289024353027,14.611710318245182,14.423577712895108,14.611710318245182,62200,CPZ,1351
2021-10-15,14.451444625854492,14.63261043838395,14.416605608800998,14.63261043838395,55800,CPZ,1351
2021-10-18,14.535056114196777,14.590799323505312,14.45840870301394,14.500215777739605,59300,CPZ,1351
2021-10-19,14.555965423583984,14.58383770507463,14.458415096413782,14.58383770507463,50900,CPZ,1351
2021-10-20,14.5977783203125,14.625649281322588,14.458419528190246,14.583842175295487,44900,CPZ,1351
2021-10-21,14.535056114196777,14.587314625348123,14.45840870301394,14.569895121631008,51100,CPZ,1351
2021-10-22,14.5629301071167,14.5629301071167,14.381764306631062,14.555962038364571,26100,CPZ,1351
2021-10-25,14.353894233703613,14.542028114384387,14.298151009319307,14.542028114384387,86800,CPZ,1351
2021-10-26,14.353894233703613,14.493251630152727,14.319053887823857,14.43054033659247,63700,CPZ,1351
2021-10-27,14.465383529663086,14.49325448282937,14.319056706213518,14.374799941569648,50200,CPZ,1351
2021-10-28,14.444477081298828,14.555963534747452,14.35389483625558,14.444477081298828,31700,CPZ,1351
2021-10-29,14.40964126586914,14.458416433966448,14.291186716622688,14.423577407903702,42300,CPZ,1351
2021-11-01,14.33299446105957,14.47932130098407,14.291187362091303,14.402673845355821,41500,CPZ,1351
2021-11-02,14.367830276489258,14.395701223984378,14.298150914216514,14.35389413823005,37000,CPZ,1351
2021-11-03,14.381769180297852,14.388737251411305,14.300941947624397,14.388737251411305,44100,CPZ,1351
2021-11-04,14.430543899536133,14.48628846670724,14.339961635930347,14.339961635930347,64300,CPZ,1351
2021-11-05,14.458414077758789,14.555964398056169,14.367831827343144,14.451446007877058,40700,CPZ,1351
2021-11-08,14.555965423583984,14.63261286865973,14.486287377904429,14.63261286865973,72800,CPZ,1351
2021-11-09,14.493249893188477,14.59776958927813,14.427055237485089,14.59776958927813,48500,CPZ,1351
2021-11-10,14.423102378845215,14.53534431657713,14.38101198670311,14.53534431657713,31200,CPZ,1351
2021-11-11,14.49325180053711,14.493251800537108,14.388025166587443,14.472205938535478,31500,CPZ,1351
2021-11-12,14.444147109985352,14.549373751094464,14.381010857714015,14.458177685607723,27200,CPZ,1351
2021-11-15,14.465194702148438,14.549375489884406,14.395043153682135,14.500269807366843,53800,CPZ,1351
2021-11-16,14.430118560791016,14.548674666799071,14.38101287724612,14.479224244335914,79600,CPZ,1351
2021-11-17,14.345940589904785,14.514303540007532,14.240712575314504,14.444151976290607,67800,CPZ,1351
2021-11-18,14.205631256103516,14.423099804388283,14.14109275554074,14.423099804388283,61400,CPZ,1351
2021-11-19,14.21264934539795,14.444148513544853,14.100407405570932,14.261755026818586,44200,CPZ,1351
2021-11-22,14.114439010620117,14.366982724610878,14.030256880603488,14.219665669618731,69300,CPZ,1351
2021-11-23,14.100408554077148,14.121453083240414,13.960105448850678,14.107423843141428,65100,CPZ,1351
2021-11-24,14.254737854003906,14.35996449142823,13.904682631251067,14.128465353883001,37000,CPZ,1351
2021-11-26,13.95659351348877,14.065327110269829,13.92502539293286,14.065327110269829,27200,CPZ,1351
2021-11-29,13.932042121887207,14.093389715642118,13.903980972697186,14.044284042588819,54600,CPZ,1351
2021-11-30,13.462030410766602,13.946073257959764,13.3988941545189,13.932044019483156,97000,CPZ,1351
2021-12-01,13.195457458496094,13.763683878807132,12.876269138062964,13.504123513451878,88300,CPZ,1351
2021-12-02,13.469045639038086,13.469045639038084,13.146349070983618,13.188439462284839,54100,CPZ,1351
2021-12-03,13.132315635681152,13.560238757846022,13.048134871404567,13.500610827985868,137300,CPZ,1351
2021-12-06,13.398897171020508,13.448002861817375,13.139336799341702,13.139336799341702,31000,CPZ,1351
2021-12-07,13.672486305236816,13.672486305236816,13.426255394276607,13.42695652182636,75500,CPZ,1351
2021-12-08,13.637407302856445,13.812785478373527,13.581987467561783,13.679497690332344,35400,CPZ,1351
2021-12-09,13.651434898376465,13.749647574715631,13.438175801184801,13.553223560066431,42800,CPZ,1351
2021-12-10,13.60934829711914,13.93906017538693,13.5251675089019,13.749651394853881,52900,CPZ,1351
2021-12-13,13.362034797668457,13.574017890065235,13.362034797668457,13.574017890065235,115500,CPZ,1351
2021-12-14,13.14298152923584,13.531617532758835,13.14298152923584,13.362030839525788,167000,CPZ,1351
2021-12-15,13.616411209106445,13.616411209106445,13.205162578675584,13.213642654388286,75800,CPZ,1351
2021-12-16,13.248976707458496,13.77540330831398,13.248976707458496,13.66587794900697,121000,CPZ,1351
2021-12-17,13.234845161437988,13.319639211908477,13.114721042795624,13.319639211908477,43500,CPZ,1351
2021-12-20,12.973401069641113,13.291375766829722,12.761416590426158,13.291375766829722,184400,CPZ,1351
2021-12-21,13.369097709655762,13.531618129366874,12.839138764528428,13.157114670706946,68700,CPZ,1351
2021-12-22,13.680011749267578,13.73654066774572,13.415032191197088,13.475093577436985,83800,CPZ,1351
2021-12-23,13.9061279296875,13.927325432541556,13.680012247539048,13.72240860100294,52700,CPZ,1351
2021-12-27,14.040379524230957,14.146371043290005,13.743602462212449,13.856660262242805,91900,CPZ,1351
2021-12-28,14.012117385864258,14.139307774937292,13.588149871539331,14.132241492460393,74800,CPZ,1351
2021-12-29,13.976787567138672,14.160506871503628,13.75773684976761,14.160506871503628,69300,CPZ,1351
2021-12-30,13.862922668457031,14.197398578610972,13.777525545658898,14.197398578610972,107500,CPZ,1351
2021-12-31,13.862922668457031,13.877155974710986,13.798874147677035,13.798874147677035,58400,CPZ,1351
2022-01-03,13.9696683883667,13.976785040799687,13.801007933529142,13.919853178698448,22600,CPZ,1351
2022-01-04,13.9696683883667,14.232979098936598,13.877154621463182,14.232979098936598,83400,CPZ,1351
2022-01-05,13.905625343322754,14.232983307869482,13.813110191698287,14.204516689719473,113800,CPZ,1351
2022-01-06,13.941203117370605,14.297027594368604,13.80598943604982,13.983901674548822,58200,CPZ,1351
2022-01-07,14.168929100036621,14.261444214610728,13.996709658343297,14.033715432700436,54600,CPZ,1351
2022-01-10,14.439358711242676,14.553933699540636,14.261446463094467,14.33972692927302,57300,CPZ,1351
2022-01-11,14.638622283935547,14.70267081377399,14.410894781115747,14.574573754097106,38500,CPZ,1351
2022-01-12,14.667083740234375,14.766714148324903,14.588801929670385,14.681315686131232,48500,CPZ,1351
2022-01-13,14.695551872253418,14.738250433045282,14.489174363957096,14.738250433045282,27300,CPZ,1351
2022-01-14,14.693414688110352,14.866345396128185,14.54610419887901,14.859228744096525,45800,CPZ,1351
2022-01-18,14.61015796661377,14.866350745120114,14.503409505092796,14.659973191396585,57900,CPZ,1351
2022-01-19,14.55322265625,14.923279106264017,14.467824178638917,14.78095012006255,101800,CPZ,1351
2022-01-20,14.659968376159668,14.859229209841391,14.474939489624761,14.567453254210902,48900,CPZ,1351
2022-01-21,14.247218132019043,14.766721752234085,14.232984821430444,14.766721752234085,98300,CPZ,1351
2022-01-24,13.834455490112305,14.240095160420344,13.521329582868555,14.23297850828269,117000,CPZ,1351
2022-01-25,13.891386985778809,14.140464374618336,13.556911130888201,13.955435495976475,37100,CPZ,1351
2022-01-26,14.040836334228516,14.29703044307013,13.884274021804714,13.926972587490672,38500,CPZ,1351
2022-01-27,14.24009895324707,14.410894577954082,14.11555954371117,14.218748991147582,32000,CPZ,1351
2022-01-28,14.368195533752441,14.368195533752441,13.820225407671227,14.225865172543866,71800,CPZ,1351
2022-01-31,14.31838607788086,14.432249869734255,13.991026658279749,14.247220868631622,31300,CPZ,1351
2022-02-01,14.624385833740234,14.659969096762925,14.325493211163106,14.531872064606628,30300,CPZ,1351
2022-02-02,14.624385833740234,14.752482865896532,14.273542868776405,14.752482865896532,36700,CPZ,1351
2022-02-03,14.482060432434082,14.64146914660698,14.197401044723168,14.531875655613112,24200,CPZ,1351
2022-02-04,14.624385833740234,14.674202401972,14.375309779394874,14.496290158946632,53300,CPZ,1351
2022-02-07,14.631505966186523,14.731137768983002,14.517642212158847,14.567457434875578,49700,CPZ,1351
2022-02-08,14.880579948425293,14.887696601053921,14.499136597597145,14.631502535874082,73800,CPZ,1351
2022-02-09,14.909045219421387,15.079840795075077,14.748923943070247,14.844996708880931,93100,CPZ,1351
2022-02-10,14.7311372756958,15.193708930613926,14.709076055322416,14.97309808424306,55500,CPZ,1351
2022-02-11,14.852938652038574,14.981907950116797,14.631541721432436,14.695310269168269,83800,CPZ,1351
2022-02-14,14.580671310424805,15.005553076127697,14.387217361799767,14.953248981864384,57500,CPZ,1351
2022-02-15,14.709641456604004,14.817115423160807,14.473198183536782,14.473198183536782,56000,CPZ,1351
2022-02-16,14.88876724243164,15.03206542872853,14.380055059572264,14.967580766582893,60500,CPZ,1351
2022-02-17,14.852938652038574,14.924588413927092,14.413728030553772,14.831444680095899,63100,CPZ,1351
2022-02-18,14.831442832946777,14.974740972271523,14.523349851820788,14.974740972271523,42900,CPZ,1351
2022-02-22,14.70248031616211,14.938923653120593,14.441675860661174,14.831449657522374,45600,CPZ,1351
2022-02-23,14.423041343688965,14.831444573537631,14.337062723324902,14.723969248174253,45100,CPZ,1351
2022-02-24,14.974739074707031,14.974739074707031,14.150770436533703,14.329894112945523,71900,CPZ,1351
2022-02-25,14.88876724243164,14.989076109500045,14.530519726780689,14.989076109500045,113000,CPZ,1351
2022-02-28,14.895933151245117,15.017736001121483,14.738303361323439,14.738303361323439,59900,CPZ,1351
2022-03-01,14.795616149902344,15.053554694352126,14.759791959442214,14.895926343080184,73800,CPZ,1351
2022-03-02,14.781283378601074,15.046386988756813,14.54484020915624,15.046386988756813,50700,CPZ,1351
2022-03-03,14.602164268493652,15.010567476098077,14.358557279660172,14.781287978869022,68200,CPZ,1351
2022-03-04,14.544846534729004,14.781289807003326,14.430924923192086,14.602166074474123,48800,CPZ,1351
2022-03-07,14.165105819702148,14.85938934404167,13.971651850706992,14.437373305742753,65000,CPZ,1351
2022-03-08,14.11495304107666,14.41946289088785,13.993148827831012,14.172272590450739,48500,CPZ,1351
2022-03-09,14.365721702575684,14.569922632699965,14.036134715920886,14.315567279963478,61700,CPZ,1351
2022-03-10,14.35855770111084,14.688144681904896,14.186597731490336,14.279742828918566,50900,CPZ,1351
2022-03-11,14.17817211151123,14.502863632688173,14.134880367427549,14.502863632688173,48400,CPZ,1351
2022-03-14,13.5071439743042,14.885276659997738,13.427776005663977,14.178172205015452,92200,CPZ,1351
2022-03-15,13.694742202758789,13.961710918792212,13.471787742712525,13.564865604484131,33000,CPZ,1351
2022-03-16,13.99778938293457,14.228680538544403,13.673099211440686,13.673099211440686,64600,CPZ,1351
2022-03-17,14.416275978088379,14.416275978088379,13.983354492382592,13.983354492382592,20400,CPZ,1351
2022-03-18,14.401849746704102,14.582233644590996,14.259708248067092,14.582233644590996,39900,CPZ,1351
2022-03-21,14.495649337768555,14.596663874574515,14.261149733074888,14.430711028044765,56500,CPZ,1351
2022-03-22,14.531725883483887,14.567803487576972,14.336912326260745,14.567803487576972,78000,CPZ,1351
2022-03-23,14.380202293395996,14.58944686633316,14.319593577492254,14.553370642929421,41500,CPZ,1351
2022-03-24,14.416275978088379,14.430707015396447,14.322476988024865,14.379478622038109,92600,CPZ,1351
2022-03-25,14.466784477233887,14.53172277448831,14.400403901856238,14.445139295628803,66400,CPZ,1351
2022-03-28,14.502140998840332,14.52450731960619,14.378757407778172,14.488431099291386,36500,CPZ,1351
2022-03-29,14.423497200012207,14.61109663053836,14.293620565323332,14.596665587524038,57300,CPZ,1351
2022-03-30,14.582229614257812,14.78858960617627,14.290729800268652,14.365769547108174,28500,CPZ,1351
2022-03-31,14.697676658630371,14.849198431582035,14.430707955909444,14.560584547707757,51200,CPZ,1351
2022-04-01,14.762612342834473,14.928566516365672,14.68324439154853,14.740967163492597,34700,CPZ,1351
2022-04-04,14.755400657653809,14.878061740488327,14.098803501368938,14.733754098487836,18300,CPZ,1351
2022-04-05,14.553372383117676,14.986293996826763,14.546156862330205,14.986293996826763,40100,CPZ,1351
2022-04-06,14.4379243850708,14.632739285047652,14.250325004673051,14.632739285047652,41500,CPZ,1351
2022-04-07,14.344134330749512,14.632749816761965,14.142105142005553,14.38742747938376,90100,CPZ,1351
2022-04-08,14.149312973022461,14.54254991385833,14.149312973022461,14.293619261340833,38100,CPZ,1351
2022-04-11,14.069942474365234,14.367936717685481,13.945837727820244,14.14209630075978,39900,CPZ,1351
2022-04-12,14.200760841369629,14.30250586476701,14.026338821014145,14.25163335306832,41500,CPZ,1351
2022-04-13,14.30977725982666,14.502366499898036,14.071401361230512,14.2225662271275,38800,CPZ,1351
2022-04-14,14.149888038635254,14.49873072017306,14.061224313359375,14.309774671973608,21000,CPZ,1351
2022-04-18,14.113546371459961,14.353374857943287,14.026335382660733,14.06267387223193,26000,CPZ,1351
2022-04-19,14.164421081542969,14.31631224899508,14.099013176277259,14.113548574374494,33000,CPZ,1351
2022-04-20,14.346112251281738,14.475473993252093,14.222564115237295,14.309775134986603,55700,CPZ,1351
2022-04-21,14.258898735046387,14.789428251057597,14.258898735046387,14.462388748764793,48900,CPZ,1351
2022-04-22,14.171688079833984,14.462389096544939,14.099012479113298,14.331573292482062,30000,CPZ,1351
2022-04-25,14.026339530944824,14.17169075987389,13.990002416798584,14.0481426311358,31500,CPZ,1351
2022-04-26,13.684762954711914,14.004534756778924,13.677495256236329,14.004534756778924,49000,CPZ,1351
2022-04-27,13.67022705078125,13.771973439494289,12.972544657060574,13.510341848763186,46100,CPZ,1351
2022-04-28,13.793781280517578,13.997272762242229,13.566307631605248,13.793781280517578,75900,CPZ,1351
2022-04-29,13.4667387008667,13.764707433079069,13.444935603568771,13.72836893758252,27500,CPZ,1351
2022-05-02,13.372259140014648,13.878806506715224,13.23417563833887,13.604819951570624,48800,CPZ,1351
2022-05-03,13.460197448730469,13.878081139707957,13.277782774445892,13.401330887643178,38000,CPZ,1351
2022-05-04,13.626622200012207,13.721099504016747,13.37225830837764,13.4812710087434,67300,CPZ,1351
2022-05-05,13.270514488220215,13.779240930630802,13.234175994080434,13.590286305791205,23800,CPZ,1351
2022-05-06,13.415863990783691,13.615722238423187,13.22690937038745,13.328654379242623,39800,CPZ,1351
2022-05-09,12.572829246520996,13.305397404325234,12.412944048651596,13.081557018370745,106200,CPZ,1351
2022-05-10,12.46381950378418,12.928942583981826,12.369342179499714,12.64550783878445,46300,CPZ,1351
2022-05-11,12.158583641052246,12.67312516404726,12.042303211850532,12.514692628754005,160700,CPZ,1351
2022-05-12,11.959969520568848,12.275843279152898,11.872756447044901,12.099950767076532,219100,CPZ,1351
2022-05-13,12.055978775024414,12.358660859576052,12.019333625616149,12.12926627810191,65400,CPZ,1351
2022-05-16,12.50303840637207,12.59025288339595,12.107280578117749,12.180569479015073,50500,CPZ,1351
2022-05-17,12.667941093444824,12.913458760098033,12.45173955326298,12.693592005172343,49400,CPZ,1351
2022-05-18,12.51769733428955,12.862153375166328,12.327146737888691,12.612971933555174,56000,CPZ,1351
2022-05-19,12.590981483459473,12.78153200787129,12.290498340544055,12.459061782107517,42800,CPZ,1351
2022-05-20,12.46639347076416,12.986741961758877,12.363789857975204,12.979412932578326,71100,CPZ,1351
2022-05-23,12.576325416564941,13.008728329195929,12.46639278068081,12.5103655554606,58900,CPZ,1351
2022-05-24,12.488381385803223,12.722904743643184,12.283172748758519,12.686259595312267,57900,CPZ,1351
2022-05-25,12.64228630065918,12.884138678322232,12.283172248848555,12.422421011099832,66900,CPZ,1351
2022-05-26,12.847496032714844,13.132588729624116,12.539683762174715,12.539683762174715,48000,CPZ,1351
2022-05-27,13.2945556640625,13.37517359606939,13.023388543825844,13.184623009970084,39600,CPZ,1351
2022-05-31,13.411816596984863,13.543736333655117,13.147244640047363,13.426474656141437,81800,CPZ,1351
2022-06-01,13.125990867614746,13.426474078039362,13.111332809089301,13.397159358857873,35900,CPZ,1351
2022-06-02,13.404488563537598,13.558393986460642,13.16996381766959,13.301883550386151,33200,CPZ,1351
2022-06-03,13.089350700378418,13.4777795724899,13.016061785568963,13.360517867942686,33100,CPZ,1351
2022-06-06,13.169967651367188,13.4338071936024,13.030720246627336,13.199283777335467,21500,CPZ,1351
2022-06-07,13.485106468200684,13.485106468200684,13.22126837368683,13.228596005924537,45500,CPZ,1351
2022-06-08,13.499761581420898,13.734284902178862,13.36784186402723,13.734284902178862,47100,CPZ,1351
2022-06-09,13.323872566223145,13.726959454182568,13.216871238270592,13.682986669537996,46500,CPZ,1351
2022-06-10,13.035823822021484,13.476014185643189,12.917652158140834,13.213081317842462,84100,CPZ,1351
2022-06-13,12.681312561035156,13.10968532080282,12.415425534724962,12.792098352425148,61900,CPZ,1351
2022-06-14,12.289865493774414,12.777324006282077,12.171693818543313,12.777324006282077,68100,CPZ,1351
2022-06-15,12.12738037109375,12.422809573266075,11.905808821643896,12.297251986253142,92200,CPZ,1351
2022-06-16,12.038751602172852,12.297252697289444,11.758094196060712,11.927965821042207,51600,CPZ,1351
2022-06-17,12.001823425292969,12.319410362864772,11.809794081442165,12.319410362864772,54500,CPZ,1351
2022-06-21,11.809793472290039,12.171694421708892,11.795022364333544,11.957508778007659,108600,CPZ,1351
2022-06-22,11.861495018005371,11.99960852360839,11.743323320865219,11.854109110844394,45200,CPZ,1351
2022-06-23,11.950125694274902,11.950125694274902,11.676853441128902,11.86149620816798,93500,CPZ,1351
2022-06-24,11.987052917480469,12.156924560212707,11.654694834999953,11.99443882482332,87500,CPZ,1351
2022-06-27,11.927967071533203,12.289868079149954,11.787638353765507,12.090454215695921,108000,CPZ,1351
2022-06-28,12.112610816955566,12.149540354560338,11.950125077648016,11.950125077648016,44200,CPZ,1351
2022-06-29,12.142152786254883,12.3489525336846,11.927965723596818,12.04613741033312,36900,CPZ,1351
2022-06-30,12.186464309692383,12.26032195088853,11.86149153365973,12.053520837282782,41000,CPZ,1351
2022-07-01,12.134765625,12.363723068287506,12.069032049953814,12.260323205264275,31500,CPZ,1351
2022-07-05,12.023980140686035,12.18646584481189,11.87626483968616,12.105222288390205,19800,CPZ,1351
2022-07-06,11.964896202087402,12.44496889349757,11.898424446953316,12.031367957221489,30800,CPZ,1351
2022-07-07,12.001823425292969,12.14953873862978,11.691622394259769,12.105223299398158,83700,CPZ,1351
2022-07-08,11.972278594970703,12.038750338414799,11.854106919673974,11.913192757322339,38400,CPZ,1351
2022-07-11,12.038751602172852,12.350430379370502,11.839337759624748,11.994437571464122,72500,CPZ,1351
2022-07-12,12.061100959777832,12.359089571502547,11.964253772891185,11.964253772891185,33200,CPZ,1351
2022-07-13,12.098350524902344,12.271184367715028,11.96425527753178,12.038752795062312,28800,CPZ,1351
2022-07-14,12.090901374816895,12.262244681031758,11.919558068602033,12.031303641310767,46100,CPZ,1351
2022-07-15,12.143050193786621,12.202647932101417,11.953827410160194,12.157949983595861,16300,CPZ,1351
2022-07-18,12.292041778564453,12.701775936147897,12.1296375257225,12.21754427147971,55900,CPZ,1351
2022-07-19,12.385165214538574,12.657079949489987,12.306943459468027,12.522984700270774,26300,CPZ,1351
2022-07-20,12.813525199890137,12.865673037903457,12.515535118233423,12.53788480063428,77200,CPZ,1351
2022-07-21,12.761378288269043,13.111516272343081,12.6794322795702,13.029568842721961,55600,CPZ,1351
2022-07-22,12.52298355102539,13.02211503235673,12.52298355102539,12.761374451794653,39200,CPZ,1351
2022-07-25,12.753927230834961,12.8872764968603,12.545334461734342,12.545334461734342,31000,CPZ,1351
2022-07-26,12.686877250671387,12.877589102043055,12.530432347657074,12.664527572834563,38200,CPZ,1351
2022-07-27,12.940167427062988,12.947615898472215,12.671976986837329,12.75392438155554,42400,CPZ,1351
2022-07-28,13.044465065002441,13.215808351949955,12.868651557791074,13.186010199008681,70200,CPZ,1351
2022-07-29,13.186012268066406,13.267958267204722,12.902921955633353,13.007217638675998,95700,CPZ,1351
2022-08-01,13.15621280670166,13.342455911463487,13.089165175313633,13.148762912000533,33200,CPZ,1351
2022-08-02,13.007214546203613,13.353626749289408,12.888019102230198,13.17855924022195,40300,CPZ,1351
2022-08-03,13.335007667541504,13.409505202852925,12.944641946595068,13.2828598191002,37800,CPZ,1351
2022-08-04,13.424398422241211,13.528694068066319,13.267953532581942,13.409498638288593,28100,CPZ,1351
2022-08-05,13.528694152832031,13.558493720923977,13.424398506353445,13.431848398376431,33600,CPZ,1351
2022-08-08,13.647892951965332,13.70749068193768,13.498899337495445,13.558497067467792,67400,CPZ,1351
2022-08-09,13.446751594543457,13.744741698880322,13.446751594543457,13.744741698880322,30800,CPZ,1351
2022-08-10,13.90118408203125,13.923533764295819,13.454200383193955,13.647893366720849,42300,CPZ,1351
2022-08-11,13.653482437133789,14.006265679681558,13.554402766319265,13.976242274533863,28600,CPZ,1351
2022-08-12,13.69852066040039,13.953726091346391,13.66849581832991,13.66849581832991,16500,CPZ,1351
2022-08-15,14.021278381347656,14.133868658336366,13.803602605061512,13.893675685650308,73700,CPZ,1351
2022-08-16,13.743557929992676,14.096342702920477,13.743557929992676,14.036294444159234,123900,CPZ,1351
2022-08-17,13.736047744750977,13.897427661920327,13.668493294230643,13.818614613534274,99700,CPZ,1351
2022-08-18,13.766073226928711,13.803602842683317,13.706024982723497,13.803602842683317,18100,CPZ,1351
2022-08-19,13.69852066040039,13.84864200742625,13.66849581832991,13.728545502470869,52700,CPZ,1351
2022-08-22,13.398275375366211,13.7435523655325,13.230139459911186,13.578420078713341,58500,CPZ,1351
2022-08-23,13.135565757751465,13.480842799042668,13.098036142537396,13.323216697147915,54600,CPZ,1351
2022-08-24,13.270674705505371,13.3194643507697,13.030481731377987,13.068011346711746,51200,CPZ,1351
2022-08-25,13.34573745727539,13.387019467940508,13.135567856177765,13.323218825551734,60200,CPZ,1351
2022-08-26,13.233146667480469,13.390774237382557,13.158087419745874,13.278183934117283,32900,CPZ,1351
2022-08-29,13.120552062988281,13.173094091843332,13.000455587987332,13.16558931486082,36500,CPZ,1351
2022-08-30,13.015466690063477,13.285684447341524,13.015466690063477,13.06800871360915,52100,CPZ,1351
2022-08-31,13.022974014282227,13.225637349613102,12.98544297163046,13.015467805751873,37800,CPZ,1351
2022-09-01,13.053001403808594,13.053001403808592,12.797795962475073,13.022977992179351,46400,CPZ,1351
2022-09-02,12.932903289794922,13.09803704409455,12.835325424524083,13.060505994634111,56600,CPZ,1351
2022-09-06,12.752758979797363,12.947916148619619,12.550095600828497,12.90288031940316,40700,CPZ,1351
2022-09-07,12.797794342041016,12.865348799232342,12.691960075660914,12.692710267149241,27100,CPZ,1351
2022-09-08,12.782784461975098,13.02297747206954,12.695713565234737,12.820314082928627,68200,CPZ,1351
2022-09-09,12.910387992858887,13.06050791781661,12.797796259561395,12.835327314548346,38200,CPZ,1351
2022-09-12,13.175251960754395,13.387146253004326,12.903574439531855,13.092007516761248,62100,CPZ,1351
2022-09-13,13.046605110168457,13.379581519236044,12.963360647048532,12.978496266417993,53400,CPZ,1351
2022-09-14,12.872549057006836,13.069307766946869,12.75373748314267,12.986063308745926,42500,CPZ,1351
2022-09-15,12.92552375793457,13.054173642876215,12.796873872992926,12.86498272051569,30600,CPZ,1351
2022-09-16,12.706058502197266,12.90281572100235,12.622814064187033,12.90281572100235,22400,CPZ,1351
2022-09-19,12.74389934539795,12.779466461503826,12.244435476800218,12.675790504824436,49200,CPZ,1351
2022-09-20,12.653084754943848,12.84984343122675,12.509300734262007,12.827141450809501,46200,CPZ,1351
2022-09-21,12.653084754943848,12.792329245589304,12.48659731043298,12.73632919890517,38800,CPZ,1351
2022-09-22,12.23686408996582,12.706058027477704,12.15361965506574,12.584974556981397,33400,CPZ,1351
2022-09-23,11.639022827148438,12.4260568457552,11.351452607812478,12.093080498437384,95600,CPZ,1351
2022-09-26,11.343884468078613,11.660211772276115,11.298479063129362,11.555778763528117,78000,CPZ,1351
2022-09-27,11.237937927246094,11.489183234288655,11.16982909881216,11.366587776131107,28900,CPZ,1351
2022-09-28,11.44226360321045,11.50280462319787,11.131990695348456,11.32874937116051,45800,CPZ,1351
2022-09-29,11.162259101867676,11.376423118184102,11.131988597578298,11.336314321105156,70900,CPZ,1351
2022-09-30,11.313616752624512,11.482375449870705,10.983667889768041,11.13199364454489,85600,CPZ,1351
2022-10-03,11.593618392944336,11.707133368630062,11.244750751997211,11.336318647437254,88100,CPZ,1351
2022-10-04,11.726051330566406,12.03254037172554,11.639023693967859,11.639023693967859,93900,CPZ,1351
2022-10-05,11.84334945678711,11.91145829284104,11.548212129494708,11.722267402338332,55200,CPZ,1351
2022-10-06,11.786593437194824,12.017406576157995,11.746485345714913,11.843350565316872,25400,CPZ,1351
2022-10-07,11.525506973266602,11.919024312872311,11.389290043308048,11.760103959832445,41400,CPZ,1351
2022-10-10,11.434697151184082,11.651131720241626,11.359021228079285,11.540644309577965,39800,CPZ,1351
2022-10-11,11.40064525604248,11.540646863411615,11.292428308419328,11.472538012351286,63800,CPZ,1351
2022-10-12,11.283343315124512,11.442263674001161,11.147125658457128,11.396858269582628,36600,CPZ,1351
2022-10-13,11.245147705078125,11.489607200227617,11.015966564102094,11.015966564102094,54100,CPZ,1351
2022-10-14,11.306262969970703,11.451410618099958,11.146599755627054,11.298623428346323,36300,CPZ,1351
2022-10-17,11.313902854919434,11.436132610431445,11.168754473838812,11.336820751941234,48800,CPZ,1351
2022-10-18,11.428494453430176,11.779905407383055,11.260428154962216,11.359740025486605,53800,CPZ,1351
2022-10-19,11.382657051086426,11.670661817761562,11.245148934306942,11.596559861271123,50800,CPZ,1351
2022-10-20,11.428494453430176,11.787544950164985,11.268067697744145,11.566003309317315,51800,CPZ,1351
2022-10-21,11.718791007995605,11.833381240287016,11.268068164834709,11.428494927170842,54400,CPZ,1351
2022-10-24,11.604196548461914,11.833377672492963,11.489606350719743,11.833377672492963,75900,CPZ,1351
2022-10-25,11.932689666748047,11.978526183547427,11.375016295544789,11.665312292482943,41700,CPZ,1351
2022-10-26,11.787541389465332,12.062558289617492,11.753164185877976,11.818098822815571,45800,CPZ,1351
2022-10-27,11.749345779418945,11.971650896067823,11.611836949108508,11.79518157049125,87800,CPZ,1351
2022-10-28,12.05491828918457,12.06255782936731,11.695868643155555,11.695868643155555,52500,CPZ,1351
2022-10-31,12.032000541687012,12.039640081961503,11.787541081276556,12.016721461138028,111400,CPZ,1351
2022-11-01,11.92505168914795,12.05492098713331,11.879215894886537,12.032003090002604,55900,CPZ,1351
2022-11-02,12.009082794189453,12.058738349478967,11.779901683018355,11.879213522144052,61400,CPZ,1351
2022-11-03,11.795182228088379,11.93269106606512,11.711149454073041,11.93269106606512,36700,CPZ,1351
2022-11-04,11.72642707824707,11.947968662667432,11.61947569218159,11.79518076013197,51200,CPZ,1351
2022-11-07,11.863935470581055,11.993804753892327,11.550721573846833,11.779902704898886,131000,CPZ,1351
2022-11-08,11.879215240478516,12.02818265644194,11.756985491119115,11.93269057368656,50400,CPZ,1351
2022-11-09,11.787541389465332,11.959426678855428,11.650032575115912,11.879213689516051,103100,CPZ,1351
2022-11-10,12.149880409240723,12.242392099436863,11.848446356688559,12.018821997658467,61100,CPZ,1351
2022-11-11,12.080496788024902,12.396578588639935,12.011112834676709,12.180717972281451,159800,CPZ,1351
2022-11-14,11.934020042419434,12.284794574108556,11.87234557723,12.126752929940814,156700,CPZ,1351
2022-11-15,12.173009872436523,12.311777794997635,12.057370427114039,12.103625911155968,124800,CPZ,1351
2022-11-16,12.126754760742188,12.334906663594861,11.718161183371572,12.126754760742188,90000,CPZ,1351
2022-11-17,12.057371139526367,12.219266813674084,11.949440445021988,12.126754369688783,37900,CPZ,1351
2022-11-18,12.088207244873047,12.311777370616445,12.018823285984125,12.242393411727523,69000,CPZ,1351
2022-11-21,12.003403663635254,12.17300880576844,11.949438691909167,12.17300880576844,49900,CPZ,1351
2022-11-22,12.111335754394531,12.296359166357092,11.972567827813767,11.972567827813767,70400,CPZ,1351
2022-11-23,12.327197074890137,12.358035047119019,12.15373789240901,12.196138633788276,65900,CPZ,1351
2022-11-25,12.48138427734375,12.581604748482517,12.280941864630734,12.373452842537983,58400,CPZ,1351
2022-11-28,12.334904670715332,12.527637556195259,12.257811222436317,12.527637556195259,48800,CPZ,1351
2022-11-29,12.342611312866211,12.41199525325411,12.257808392295471,12.288645617443711,36700,CPZ,1351
2022-11-30,12.504509925842285,12.658696832822814,12.211556567101669,12.288649285374271,113900,CPZ,1351
2022-12-01,12.64327621459961,12.836009088207637,12.489090797974267,12.543055767314893,58800,CPZ,1351
2022-12-02,12.62015151977539,12.696472998824841,12.489093082926622,12.489093082926622,32000,CPZ,1351
2022-12-05,12.373454093933105,12.604734502962845,12.226977383808983,12.527641033286265,63000,CPZ,1351
2022-12-06,12.404291152954102,12.496802133378345,12.219267721670093,12.334907182418158,60400,CPZ,1351
2022-12-07,12.288647651672363,12.458252785672363,12.203845452281143,12.334903864660568,107100,CPZ,1351
2022-12-08,12.296357154846191,12.442833814883945,12.257810433188604,12.334903876503779,101900,CPZ,1351
2022-12-09,12.195249557495117,12.365578506879588,12.094140896318205,12.218582097235,79000,CPZ,1351
2022-12-12,12.1408052444458,12.366355092952572,12.105806066080266,12.195248822863311,101000,CPZ,1351
2022-12-13,12.381911277770996,12.553017557046843,12.268358645591764,12.304135156843385,94800,CPZ,1351
2022-12-14,12.366355895996094,12.444132017798562,12.265247976072182,12.436354257272702,86000,CPZ,1351
2022-12-15,12.210805892944336,12.350802632681562,12.187473350230851,12.31969232848753,55000,CPZ,1351
2022-12-16,12.444131851196289,12.537463492800953,12.024142430887537,12.164139151566474,177500,CPZ,1351
2022-12-19,12.164138793945312,12.506352083431922,12.092585031970764,12.451909245536516,73100,CPZ,1351
2022-12-20,11.977478981018066,12.241916953877773,11.946368674900937,12.187474103604847,121300,CPZ,1351
2022-12-21,12.008585929870605,12.206914354068306,11.934699437079146,12.031919209231274,116300,CPZ,1351
2022-12-22,12.016363143920898,12.125249550808164,11.883366869554049,11.985252847914246,94900,CPZ,1351
2022-12-23,11.961922645568848,12.194472209227465,11.89970204141393,12.016365488772374,56500,CPZ,1351
2022-12-27,11.853035926818848,12.047475495467694,11.837481147025548,11.88414622813354,92300,CPZ,1351
2022-12-28,11.76748275756836,11.934700904912441,11.67415185383103,11.876369182792622,118900,CPZ,1351
2022-12-29,11.979437828063965,12.293446379149277,11.822433552521309,12.293446379149277,116900,CPZ,1351
2022-12-30,11.924487113952637,12.09405234957207,11.783183624367886,11.88523660213525,99900,CPZ,1351
2023-01-03,12.006915092468262,12.144294132732274,11.814584735560862,12.050091554776948,51900,CPZ,1351
2023-01-04,12.136444091796875,12.35625011356518,12.061866767951079,12.073642371291644,39500,CPZ,1351
2023-01-05,12.152143478393555,12.30914851966614,11.987289532637279,12.128593021664875,25600,CPZ,1351
2023-01-06,12.167845726013184,12.32563537699776,12.057942333810592,12.222797047786672,53600,CPZ,1351
2023-01-09,12.277745246887207,12.34447215171044,12.23456879416177,12.254194046134037,31200,CPZ,1351
2023-01-10,12.399426460266113,12.576056765431664,12.179620440569972,12.293448277166783,35600,CPZ,1351
2023-01-11,12.576057434082031,12.658484415104773,12.45045323892192,12.466154044062783,40900,CPZ,1351
2023-01-12,12.638856887817383,12.654557690138905,12.52581365653099,12.607455283174339,41600,CPZ,1351
2023-01-13,12.81156063079834,12.897913542274852,12.557998524507765,12.678106811839571,106100,CPZ,1351
2023-01-17,12.748760223388672,13.172672925943743,12.662407303095378,12.850813946882747,92700,CPZ,1351
2023-01-18,12.701658248901367,13.251172839175663,12.646706939605025,12.780160761029375,48400,CPZ,1351
2023-01-19,12.599604606628418,12.678107119209304,12.560354098993418,12.646707012563482,33500,CPZ,1351
2023-01-20,12.740910530090332,12.91361638027811,12.59960628804982,12.66240800703326,39900,CPZ,1351
2023-01-23,12.897915840148926,13.035294135326811,12.78016280180915,12.78016280180915,54000,CPZ,1351
2023-01-24,13.007814407348633,13.070616107972409,12.913612605068295,13.007814407348633,53300,CPZ,1351
