Price,Close,High,Low,Open,Volume,Symbol,StockID
Ticker,FCAP,FCAP,FCAP,FCAP,FCAP,,
Date,,,,,,,
1999-01-04,3.6920878887176514,3.6920878887176514,3.6920878887176514,3.6920878887176514,0,FCAP,2035
1999-01-05,3.6920878887176514,3.6920878887176514,3.6920878887176514,3.6920878887176514,0,FCAP,2035
1999-01-06,3.6920878887176514,3.6920878887176514,3.6920878887176514,3.6920878887176514,0,FCAP,2035
1999-01-07,3.6920878887176514,3.6920878887176514,3.6920878887176514,3.6920878887176514,0,FCAP,2035
1999-01-08,3.784390687942505,3.784390687942505,3.784390687942505,3.784390687942505,770,FCAP,2035
1999-01-11,3.922842502593994,3.922842502593994,3.922842502593994,3.922842502593994,440,FCAP,2035
1999-01-12,3.8074655532836914,3.9228433325330845,3.8074655532836914,3.9228433325330845,220,FCAP,2035
1999-01-13,3.8074655532836914,3.8074655532836914,3.8074655532836914,3.8074655532836914,0,FCAP,2035
1999-01-14,3.8074655532836914,3.8074655532836914,3.8074655532836914,3.8074655532836914,0,FCAP,2035
1999-01-15,3.8074655532836914,3.8074655532836914,3.8074655532836914,3.8074655532836914,550,FCAP,2035
1999-01-19,3.8766918182373047,3.876691818237305,3.8074650057172774,3.8074650057172774,44000,FCAP,2035
1999-01-20,3.8766918182373047,3.876691818237305,3.876691818237305,3.876691818237305,0,FCAP,2035
1999-01-21,3.830540180206299,3.830540180206299,3.830540180206299,3.830540180206299,550,FCAP,2035
1999-01-22,3.830540180206299,3.830540180206299,3.830540180206299,3.830540180206299,110,FCAP,2035
1999-01-25,3.922842502593994,4.038220257433406,3.876691555584366,3.876691555584366,4400,FCAP,2035
1999-01-26,3.922842502593994,3.922842502593994,3.922842502593994,3.922842502593994,0,FCAP,2035
1999-01-27,3.922842502593994,3.922842502593994,3.922842502593994,3.922842502593994,0,FCAP,2035
1999-01-28,3.922842502593994,3.922842502593994,3.922842502593994,3.922842502593994,0,FCAP,2035
1999-01-29,3.8766918182373047,3.876691818237305,3.876691818237305,3.876691818237305,440,FCAP,2035
1999-02-01,3.830540180206299,3.922842460551665,3.830540180206299,3.922842460551665,2860,FCAP,2035
1999-02-02,3.8766918182373047,3.876691818237305,3.876691818237305,3.876691818237305,1100,FCAP,2035
1999-02-03,3.830540180206299,3.830540180206299,3.830540180206299,3.830540180206299,1320,FCAP,2035
1999-02-04,3.830540180206299,3.830540180206299,3.830540180206299,3.830540180206299,0,FCAP,2035
1999-02-05,3.830540180206299,3.830540180206299,3.830540180206299,3.830540180206299,0,FCAP,2035
1999-02-08,3.830540180206299,3.830540180206299,3.830540180206299,3.830540180206299,0,FCAP,2035
1999-02-09,3.830540180206299,3.830540180206299,3.830540180206299,3.830540180206299,330,FCAP,2035
1999-02-10,3.830540180206299,3.830540180206299,3.830540180206299,3.830540180206299,0,FCAP,2035
1999-02-11,3.830540180206299,3.830540180206299,3.830540180206299,3.830540180206299,0,FCAP,2035
1999-02-12,3.830540180206299,3.830540180206299,3.830540180206299,3.830540180206299,0,FCAP,2035
1999-02-16,3.830540180206299,3.830540180206299,3.830540180206299,3.830540180206299,0,FCAP,2035
1999-02-17,3.738238573074341,3.7843899152160145,3.738238573074341,3.7843899152160145,2200,FCAP,2035
1999-02-18,3.6459386348724365,3.7382405944349557,3.6459386348724365,3.7382405944349557,5610,FCAP,2035
1999-02-19,3.6459386348724365,3.6459386348724365,3.6459386348724365,3.6459386348724365,0,FCAP,2035
1999-02-22,3.6920878887176514,3.6920878887176514,3.6920878887176514,3.6920878887176514,4400,FCAP,2035
1999-02-23,3.6920878887176514,3.6920878887176514,3.6920878887176514,3.6920878887176514,2200,FCAP,2035
1999-02-24,3.6920878887176514,3.6920878887176514,3.6920878887176514,3.6920878887176514,0,FCAP,2035
1999-02-25,3.5997838973999023,3.599783897399903,3.553632960828457,3.553632960828457,220,FCAP,2035
1999-02-26,3.6920878887176514,3.6920878887176514,3.6459369305105267,3.6459369305105267,17600,FCAP,2035
1999-03-01,3.6920878887176514,3.6920878887176514,3.6920878887176514,3.6920878887176514,0,FCAP,2035
1999-03-02,3.6920878887176514,3.6920878887176514,3.6920878887176514,3.6920878887176514,0,FCAP,2035
1999-03-03,3.6920878887176514,3.6920878887176514,3.6920878887176514,3.6920878887176514,0,FCAP,2035
1999-03-04,3.6920878887176514,3.6920878887176514,3.6920878887176514,3.6920878887176514,0,FCAP,2035
1999-03-05,3.6920878887176514,3.6920878887176514,3.6920878887176514,3.6920878887176514,0,FCAP,2035
1999-03-08,3.6920878887176514,3.6920878887176514,3.6920878887176514,3.6920878887176514,0,FCAP,2035
1999-03-09,3.6920878887176514,3.6920878887176514,3.6920878887176514,3.6920878887176514,0,FCAP,2035
1999-03-10,3.6920878887176514,3.6920878887176514,3.6920878887176514,3.6920878887176514,0,FCAP,2035
1999-03-11,3.6920878887176514,3.6920878887176514,3.6920878887176514,3.6920878887176514,0,FCAP,2035
1999-03-12,3.6920878887176514,3.6920878887176514,3.6920878887176514,3.6920878887176514,0,FCAP,2035
1999-03-15,3.553632974624634,3.553632974624634,3.553632974624634,3.553632974624634,110,FCAP,2035
1999-03-16,3.619441032409668,3.619441032409668,3.619441032409668,3.619441032409668,0,FCAP,2035
1999-03-17,3.619441032409668,3.619441032409668,3.619441032409668,3.619441032409668,0,FCAP,2035
1999-03-18,3.619441032409668,3.619441032409668,3.619441032409668,3.619441032409668,0,FCAP,2035
1999-03-19,3.619441032409668,3.619441032409668,3.619441032409668,3.619441032409668,0,FCAP,2035
1999-03-22,3.619441032409668,3.619441032409668,3.619441032409668,3.619441032409668,0,FCAP,2035
1999-03-23,3.619441032409668,3.619441032409668,3.619441032409668,3.619441032409668,0,FCAP,2035
1999-03-24,3.619441032409668,3.619441032409668,3.619441032409668,3.619441032409668,0,FCAP,2035
1999-03-25,3.619441032409668,3.619441032409668,3.619441032409668,3.619441032409668,0,FCAP,2035
1999-03-26,3.2904045581817627,3.525433539727936,3.1963932811538704,3.525433539727936,3080,FCAP,2035
1999-03-29,3.2904045581817627,3.2904045581817627,3.2904045581817627,3.2904045581817627,0,FCAP,2035
1999-03-30,3.3374087810516357,3.3374087810516357,3.3374087810516357,3.3374087810516357,440,FCAP,2035
1999-03-31,3.3374087810516357,3.3374087810516357,3.3374087810516357,3.3374087810516357,0,FCAP,2035
1999-04-01,3.3374087810516357,3.3374087810516357,3.3374087810516357,3.3374087810516357,0,FCAP,2035
1999-04-05,3.3374087810516357,3.3374087810516357,3.3374087810516357,3.3374087810516357,0,FCAP,2035
1999-04-06,3.3374087810516357,3.3374087810516357,3.3374087810516357,3.3374087810516357,330,FCAP,2035
1999-04-07,3.3374087810516357,3.3374087810516357,3.3374087810516357,3.3374087810516357,0,FCAP,2035
1999-04-08,3.3374087810516357,3.3374087810516357,3.3374087810516357,3.3374087810516357,0,FCAP,2035
1999-04-09,3.3374087810516357,3.3374087810516357,3.3374087810516357,3.3374087810516357,0,FCAP,2035
1999-04-12,3.3374087810516357,3.3374087810516357,3.3374087810516357,3.3374087810516357,0,FCAP,2035
1999-04-13,3.3374087810516357,3.3374087810516357,3.3374087810516357,3.3374087810516357,0,FCAP,2035
1999-04-14,3.384413957595825,3.384413957595825,3.384413957595825,3.384413957595825,660,FCAP,2035
1999-04-15,3.384413957595825,3.384413957595825,3.384413957595825,3.384413957595825,0,FCAP,2035
1999-04-16,3.384413957595825,3.384413957595825,3.384413957595825,3.384413957595825,0,FCAP,2035
1999-04-19,3.5254316329956055,3.5254316329956055,3.431420406813755,3.431420406813755,1760,FCAP,2035
1999-04-20,3.454923152923584,3.454923152923584,3.454923152923584,3.454923152923584,16500,FCAP,2035
1999-04-21,3.384413957595825,3.4314199590408507,3.384413957595825,3.384413957595825,6160,FCAP,2035
1999-04-22,3.384413957595825,3.384413957595825,3.384413957595825,3.384413957595825,5940,FCAP,2035
1999-04-23,3.384413957595825,3.384413957595825,3.384413957595825,3.384413957595825,0,FCAP,2035
1999-04-26,3.384413957595825,3.384413957595825,3.384413957595825,3.384413957595825,0,FCAP,2035
1999-04-27,3.384413957595825,3.384413957595825,3.384413957595825,3.384413957595825,0,FCAP,2035
1999-04-28,3.384413957595825,3.384413957595825,3.384413957595825,3.384413957595825,0,FCAP,2035
1999-04-29,3.384413957595825,3.384413957595825,3.384413957595825,3.384413957595825,0,FCAP,2035
1999-04-30,3.384413957595825,3.384413957595825,3.384413957595825,3.384413957595825,0,FCAP,2035
1999-05-03,3.5254316329956055,3.5254316329956055,3.5254316329956055,3.5254316329956055,1430,FCAP,2035
1999-05-04,3.384413957595825,3.384413957595825,3.384413957595825,3.384413957595825,6270,FCAP,2035
1999-05-05,3.384413957595825,3.384413957595825,3.384413957595825,3.384413957595825,220,FCAP,2035
1999-05-06,3.4784247875213623,3.52543038395851,3.4314191910842147,3.4784247875213623,1650,FCAP,2035
1999-05-07,3.4784247875213623,3.4784247875213623,3.4784247875213623,3.4784247875213623,0,FCAP,2035
1999-05-10,3.4784247875213623,3.4784247875213623,3.4784247875213623,3.4784247875213623,0,FCAP,2035
1999-05-11,3.4784247875213623,3.4784247875213623,3.4784247875213623,3.4784247875213623,0,FCAP,2035
1999-05-12,3.4784247875213623,3.4784247875213623,3.4784247875213623,3.4784247875213623,0,FCAP,2035
1999-05-13,3.4784247875213623,3.4784247875213623,3.4784247875213623,3.4784247875213623,0,FCAP,2035
1999-05-14,3.4784247875213623,3.4784247875213623,3.4784247875213623,3.4784247875213623,0,FCAP,2035
1999-05-17,3.4784247875213623,3.4784247875213623,3.4784247875213623,3.4784247875213623,660,FCAP,2035
1999-05-18,3.4784247875213623,3.4784247875213623,3.4784247875213623,3.4784247875213623,0,FCAP,2035
1999-05-19,3.619441032409668,3.619441032409668,3.5254294694348314,3.5254294694348314,2090,FCAP,2035
1999-05-20,3.854470729827881,3.854470729827881,3.8074647390571865,3.8074647390571865,1760,FCAP,2035
1999-05-21,3.854470729827881,3.854470729827881,3.854470729827881,3.854470729827881,0,FCAP,2035
1999-05-24,4.136508464813232,4.136508464813232,3.94848553208908,3.94848553208908,2750,FCAP,2035
1999-05-25,3.8779735565185547,3.8779735565185547,3.8779735565185547,3.8779735565185547,110,FCAP,2035
1999-05-26,4.136508464813232,4.136508464813232,4.136508464813232,4.136508464813232,10010,FCAP,2035
1999-05-27,4.136508464813232,4.136508464813232,4.136508464813232,4.136508464813232,0,FCAP,2035
1999-05-28,4.136508464813232,4.136508464813232,4.136508464813232,4.136508464813232,0,FCAP,2035
1999-06-01,4.136508464813232,4.136508464813232,4.136508464813232,4.136508464813232,0,FCAP,2035
1999-06-02,4.136508464813232,4.160011282092728,4.136508464813232,4.136508464813232,4840,FCAP,2035
1999-06-03,4.136508464813232,4.136508464813232,4.136508464813232,4.136508464813232,0,FCAP,2035
1999-06-04,4.136508464813232,4.136508464813232,4.136508464813232,4.136508464813232,2420,FCAP,2035
1999-06-07,4.136508464813232,4.136508464813232,4.136508464813232,4.136508464813232,16500,FCAP,2035
1999-06-08,4.136508464813232,4.136508464813232,4.136508464813232,4.136508464813232,0,FCAP,2035
1999-06-09,4.136508464813232,4.136508464813232,4.136508464813232,4.136508464813232,6600,FCAP,2035
1999-06-10,4.136508464813232,4.136508464813232,4.136508464813232,4.136508464813232,1100,FCAP,2035
1999-06-11,4.136508464813232,4.136508464813232,4.136508464813232,4.136508464813232,15180,FCAP,2035
1999-06-14,4.136508464813232,4.136508464813232,4.136508464813232,4.136508464813232,0,FCAP,2035
1999-06-15,4.203766345977783,4.203766345977783,4.203766345977783,4.203766345977783,0,FCAP,2035
1999-06-16,4.203766345977783,4.203766345977783,4.203766345977783,4.203766345977783,0,FCAP,2035
1999-06-17,4.203766345977783,4.203766345977783,4.203766345977783,4.203766345977783,0,FCAP,2035
1999-06-18,4.490386009216309,4.514270968676611,4.490386009216309,4.514270968676611,1430,FCAP,2035
1999-06-21,4.203766345977783,4.203766345977783,4.203766345977783,4.203766345977783,220,FCAP,2035
1999-06-22,4.347075939178467,4.347075939178467,4.347075939178467,4.347075939178467,6600,FCAP,2035
1999-06-23,4.347075939178467,4.347075939178467,4.299306019294939,4.299306019294939,4620,FCAP,2035
1999-06-24,4.347075939178467,4.347075939178467,4.347075939178467,4.347075939178467,4400,FCAP,2035
1999-06-25,4.299305438995361,4.299305438995361,4.299305438995361,4.299305438995361,2200,FCAP,2035
1999-06-28,4.299305438995361,4.299305438995361,4.299305438995361,4.299305438995361,16500,FCAP,2035
1999-06-29,4.299305438995361,4.299305438995361,4.299305438995361,4.299305438995361,4950,FCAP,2035
1999-06-30,4.299305438995361,4.299305438995361,4.299305438995361,4.299305438995361,0,FCAP,2035
1999-07-01,4.299305438995361,4.299305438995361,4.299305438995361,4.299305438995361,0,FCAP,2035
1999-07-02,4.299305438995361,4.299305438995361,4.299305438995361,4.299305438995361,0,FCAP,2035
1999-07-06,4.299305438995361,4.299305438995361,4.299305438995361,4.299305438995361,0,FCAP,2035
1999-07-07,4.299305438995361,4.299305438995361,4.299305438995361,4.299305438995361,0,FCAP,2035
1999-07-08,4.2276506423950195,4.2276506423950195,4.2276506423950195,4.2276506423950195,220,FCAP,2035
1999-07-09,4.299305438995361,4.299305438995361,4.299305438995361,4.299305438995361,110,FCAP,2035
1999-07-12,4.299305438995361,4.299305438995361,4.299305438995361,4.299305438995361,0,FCAP,2035
1999-07-13,4.299305438995361,4.299305438995361,4.299305438995361,4.299305438995361,0,FCAP,2035
1999-07-14,4.299305438995361,4.299305438995361,4.299305438995361,4.299305438995361,0,FCAP,2035
1999-07-15,4.299305438995361,4.299305438995361,4.299305438995361,4.299305438995361,0,FCAP,2035
1999-07-16,4.299305438995361,4.299305438995361,4.299305438995361,4.299305438995361,0,FCAP,2035
1999-07-19,4.299305438995361,4.299305438995361,4.299305438995361,4.299305438995361,1100,FCAP,2035
1999-07-20,4.299305438995361,4.299305438995361,4.299305438995361,4.299305438995361,0,FCAP,2035
1999-07-21,4.370959758758545,4.370959758758545,4.29930489762765,4.29930489762765,3960,FCAP,2035
1999-07-22,4.41873025894165,4.41873025894165,4.41873025894165,4.41873025894165,880,FCAP,2035
1999-07-23,4.41873025894165,4.41873025894165,4.41873025894165,4.41873025894165,880,FCAP,2035
1999-07-26,4.538156032562256,4.538156032562256,4.538156032562256,4.538156032562256,880,FCAP,2035
1999-07-27,4.394846439361572,4.394846439361572,4.394846439361572,4.394846439361572,110,FCAP,2035
1999-07-28,4.538156032562256,4.538156032562256,4.538156032562256,4.538156032562256,220,FCAP,2035
1999-07-29,4.633695125579834,4.633695125579834,4.633695125579834,4.633695125579834,110,FCAP,2035
1999-07-30,4.633695125579834,4.633695125579834,4.633695125579834,4.633695125579834,0,FCAP,2035
1999-08-02,4.538156032562256,4.538156032562256,4.538156032562256,4.538156032562256,110,FCAP,2035
1999-08-03,4.538156032562256,4.538156032562256,4.538156032562256,4.538156032562256,0,FCAP,2035
1999-08-04,4.633695125579834,4.633695125579834,4.538155309208675,4.538155309208675,220,FCAP,2035
1999-08-05,4.5859246253967285,4.5859246253967285,4.5859246253967285,4.5859246253967285,1100,FCAP,2035
1999-08-06,4.5859246253967285,4.5859246253967285,4.5859246253967285,4.5859246253967285,0,FCAP,2035
1999-08-09,4.5859246253967285,4.5859246253967285,4.5859246253967285,4.5859246253967285,0,FCAP,2035
1999-08-10,4.5859246253967285,4.5859246253967285,4.5859246253967285,4.5859246253967285,0,FCAP,2035
1999-08-11,4.7292351722717285,4.7292351722717285,4.53815514551934,4.53815514551934,1540,FCAP,2035
1999-08-12,4.7770094871521,4.7770094871521,4.7770094871521,4.7770094871521,440,FCAP,2035
1999-08-13,4.7770094871521,4.7770094871521,4.7770094871521,4.7770094871521,0,FCAP,2035
1999-08-16,4.7770094871521,4.7770094871521,4.7770094871521,4.7770094871521,0,FCAP,2035
1999-08-17,4.705348968505859,4.705348968505859,4.705348968505859,4.705348968505859,1100,FCAP,2035
1999-08-18,4.705348968505859,4.705348968505859,4.705348968505859,4.705348968505859,0,FCAP,2035
1999-08-19,4.705348968505859,4.705348968505859,4.705348968505859,4.705348968505859,0,FCAP,2035
1999-08-20,4.705348968505859,4.705348968505859,4.705348968505859,4.705348968505859,880,FCAP,2035
1999-08-23,4.705348968505859,4.705348968505859,4.705348968505859,4.705348968505859,0,FCAP,2035
1999-08-24,4.681469917297363,4.705354894260642,4.681469917297363,4.705354894260642,6270,FCAP,2035
1999-08-25,4.681469917297363,4.681469917297363,4.681469917297363,4.681469917297363,0,FCAP,2035
1999-08-26,4.681469917297363,4.681469917297363,4.681469917297363,4.681469917297363,0,FCAP,2035
1999-08-27,4.705348968505859,4.705348968505859,4.705348968505859,4.705348968505859,110,FCAP,2035
1999-08-30,4.705348968505859,4.705348968505859,4.705348968505859,4.705348968505859,0,FCAP,2035
1999-08-31,4.705348968505859,4.705348968505859,4.705348968505859,4.705348968505859,0,FCAP,2035
1999-09-01,4.705348968505859,4.705348968505859,4.705348968505859,4.705348968505859,0,FCAP,2035
1999-09-02,4.705348968505859,4.705348968505859,4.705348968505859,4.705348968505859,0,FCAP,2035
1999-09-03,4.681469917297363,4.681469917297363,4.681469917297363,4.681469917297363,330,FCAP,2035
1999-09-07,4.705348968505859,4.777003809156052,4.705348968505859,4.705348968505859,1650,FCAP,2035
1999-09-08,4.705348968505859,4.705348968505859,4.705348968505859,4.705348968505859,0,FCAP,2035
1999-09-09,4.705348968505859,4.705348968505859,4.705348968505859,4.705348968505859,0,FCAP,2035
1999-09-10,4.705348968505859,4.705348968505859,4.705348968505859,4.705348968505859,0,FCAP,2035
1999-09-13,4.705348968505859,4.705348968505859,4.705348968505859,4.705348968505859,0,FCAP,2035
1999-09-14,4.705348968505859,4.705348968505859,4.705348968505859,4.705348968505859,0,FCAP,2035
1999-09-15,4.695719242095947,4.695719242095947,4.695719242095947,4.695719242095947,0,FCAP,2035
1999-09-16,4.695719242095947,4.695719242095947,4.695719242095947,4.695719242095947,0,FCAP,2035
1999-09-17,4.695719242095947,4.695719242095947,4.695719242095947,4.695719242095947,0,FCAP,2035
1999-09-20,4.695719242095947,4.695719242095947,4.695719242095947,4.695719242095947,0,FCAP,2035
1999-09-21,4.671637535095215,4.816121136866408,4.671637535095215,4.816121136866408,1870,FCAP,2035
1999-09-22,4.671637535095215,4.671637535095215,4.671637535095215,4.671637535095215,1870,FCAP,2035
1999-09-23,4.671637535095215,4.671637535095215,4.671637535095215,4.671637535095215,0,FCAP,2035
1999-09-24,4.52715539932251,4.671639047880878,4.430832832221893,4.671639047880878,4840,FCAP,2035
1999-09-27,4.52715539932251,4.52715539932251,4.52715539932251,4.52715539932251,1870,FCAP,2035
1999-09-28,4.52715539932251,4.52715539932251,4.52715539932251,4.52715539932251,0,FCAP,2035
1999-09-29,4.52715539932251,4.52715539932251,4.52715539932251,4.52715539932251,0,FCAP,2035
1999-09-30,4.52715539932251,4.52715539932251,4.52715539932251,4.52715539932251,0,FCAP,2035
1999-10-01,4.52715539932251,4.52715539932251,4.52715539932251,4.52715539932251,0,FCAP,2035
1999-10-04,4.52715539932251,4.52715539932251,4.52715539932251,4.52715539932251,0,FCAP,2035
1999-10-05,4.52715539932251,4.52715539932251,4.52715539932251,4.52715539932251,0,FCAP,2035
1999-10-06,4.52715539932251,4.52715539932251,4.52715539932251,4.52715539932251,2420,FCAP,2035
1999-10-07,4.52715539932251,4.52715539932251,4.52715539932251,4.52715539932251,0,FCAP,2035
1999-10-08,4.52715539932251,4.52715539932251,4.52715539932251,4.52715539932251,0,FCAP,2035
1999-10-11,4.52715539932251,4.52715539932251,4.52715539932251,4.52715539932251,0,FCAP,2035
1999-10-12,4.52715539932251,4.52715539932251,4.52715539932251,4.52715539932251,0,FCAP,2035
1999-10-13,4.52715539932251,4.52715539932251,4.52715539932251,4.52715539932251,0,FCAP,2035
1999-10-14,4.478994846343994,4.527155933484301,4.430833355018526,4.527155933484301,3300,FCAP,2035
1999-10-15,4.430832386016846,4.430832386016846,4.430832386016846,4.430832386016846,1540,FCAP,2035
1999-10-18,4.52715539932251,4.52715539932251,4.52715539932251,4.52715539932251,330,FCAP,2035
1999-10-19,4.52715539932251,4.52715539932251,4.52715539932251,4.52715539932251,0,FCAP,2035
1999-10-20,4.52715539932251,4.52715539932251,4.52715539932251,4.52715539932251,220,FCAP,2035
1999-10-21,4.52715539932251,4.52715539932251,4.52715539932251,4.52715539932251,0,FCAP,2035
1999-10-22,4.52715539932251,4.52715539932251,4.52715539932251,4.52715539932251,0,FCAP,2035
1999-10-25,4.382670879364014,4.382670879364014,4.382670879364014,4.382670879364014,220,FCAP,2035
1999-10-26,4.382670879364014,4.382670879364014,4.382670879364014,4.382670879364014,0,FCAP,2035
1999-10-27,4.382670879364014,4.382670879364014,4.382670879364014,4.382670879364014,1210,FCAP,2035
1999-10-28,4.382670879364014,4.382670879364014,4.382670879364014,4.382670879364014,0,FCAP,2035
1999-10-29,4.382670879364014,4.382670879364014,4.382670879364014,4.382670879364014,7590,FCAP,2035
1999-11-01,4.382670879364014,4.382670879364014,4.382670879364014,4.382670879364014,0,FCAP,2035
1999-11-02,4.382670879364014,4.382670879364014,4.382670879364014,4.382670879364014,0,FCAP,2035
1999-11-03,4.382670879364014,4.382670879364014,4.382670879364014,4.382670879364014,0,FCAP,2035
1999-11-04,4.382670879364014,4.382670879364014,4.382670879364014,4.382670879364014,0,FCAP,2035
1999-11-05,4.382670879364014,4.382670879364014,4.382670879364014,4.382670879364014,0,FCAP,2035
1999-11-08,4.382670879364014,4.382670879364014,4.382670879364014,4.382670879364014,0,FCAP,2035
1999-11-09,4.382670879364014,4.382670879364014,4.382670879364014,4.382670879364014,0,FCAP,2035
1999-11-10,4.382670879364014,4.382670879364014,4.382670879364014,4.382670879364014,0,FCAP,2035
1999-11-11,4.382670879364014,4.382670879364014,4.382670879364014,4.382670879364014,0,FCAP,2035
1999-11-12,4.382670879364014,4.382670879364014,4.382670879364014,4.382670879364014,0,FCAP,2035
1999-11-15,4.382670879364014,4.382670879364014,4.382670879364014,4.382670879364014,0,FCAP,2035
1999-11-16,4.382670879364014,4.382670879364014,4.382670879364014,4.382670879364014,0,FCAP,2035
1999-11-17,4.382670879364014,4.382670879364014,4.382670879364014,4.382670879364014,0,FCAP,2035
1999-11-18,4.382670879364014,4.382670879364014,4.382670879364014,4.382670879364014,0,FCAP,2035
1999-11-19,4.382670879364014,4.382670879364014,4.382670879364014,4.382670879364014,0,FCAP,2035
1999-11-22,4.334510326385498,4.334510326385498,4.334510326385498,4.334510326385498,110,FCAP,2035
1999-11-23,4.334510326385498,4.334510326385498,4.334510326385498,4.334510326385498,0,FCAP,2035
1999-11-24,4.334510326385498,4.334510326385498,4.334510326385498,4.334510326385498,110,FCAP,2035
1999-11-26,4.382670879364014,4.382670879364014,4.382670879364014,4.382670879364014,6600,FCAP,2035
1999-11-29,4.382670879364014,4.382670879364014,4.382670879364014,4.382670879364014,0,FCAP,2035
1999-11-30,4.430832386016846,4.527154943417341,4.430832386016846,4.430832386016846,2420,FCAP,2035
1999-12-01,4.430832386016846,4.430832386016846,4.430832386016846,4.430832386016846,0,FCAP,2035
1999-12-02,4.430832386016846,4.430832386016846,4.430832386016846,4.430832386016846,0,FCAP,2035
1999-12-03,4.430832386016846,4.47899386680963,4.430832386016846,4.47899386680963,1100,FCAP,2035
1999-12-06,4.430832386016846,4.430832386016846,4.430832386016846,4.430832386016846,0,FCAP,2035
1999-12-07,4.430832386016846,4.430832386016846,4.430832386016846,4.430832386016846,0,FCAP,2035
1999-12-08,4.430832386016846,4.430832386016846,4.430832386016846,4.430832386016846,0,FCAP,2035
1999-12-09,4.430832386016846,4.430832386016846,4.430832386016846,4.430832386016846,0,FCAP,2035
1999-12-10,4.430832386016846,4.430832386016846,4.430832386016846,4.430832386016846,0,FCAP,2035
1999-12-13,4.358590126037598,4.406751195517511,4.358590126037598,4.406751195517511,440,FCAP,2035
1999-12-14,4.28634786605835,4.310428803569961,4.28634786605835,4.310428803569961,1100,FCAP,2035
1999-12-15,4.27662992477417,4.27662992477417,4.27662992477417,4.27662992477417,880,FCAP,2035
1999-12-16,4.27662992477417,4.27662992477417,4.27662992477417,4.27662992477417,0,FCAP,2035
1999-12-17,4.27662992477417,4.27662992477417,4.27662992477417,4.27662992477417,0,FCAP,2035
1999-12-20,4.27662992477417,4.27662992477417,4.27662992477417,4.27662992477417,0,FCAP,2035
1999-12-21,4.27662992477417,4.27662992477417,4.27662992477417,4.27662992477417,0,FCAP,2035
1999-12-22,4.27662992477417,4.519620335563832,4.228032005756723,4.519620335563832,55000,FCAP,2035
1999-12-23,4.27662992477417,4.27662992477417,4.27662992477417,4.27662992477417,0,FCAP,2035
1999-12-27,4.27662992477417,4.27662992477417,4.27662992477417,4.27662992477417,0,FCAP,2035
1999-12-28,4.27662992477417,4.27662992477417,4.27662992477417,4.27662992477417,0,FCAP,2035
1999-12-29,4.27662992477417,4.27662992477417,4.27662992477417,4.27662992477417,0,FCAP,2035
1999-12-30,4.762612342834473,4.762612342834473,4.762612342834473,4.762612342834473,110,FCAP,2035
1999-12-31,4.665414810180664,4.665414810180664,4.665414810180664,4.665414810180664,110,FCAP,2035
2000-01-03,4.665414810180664,4.665414810180664,4.665414810180664,4.665414810180664,0,FCAP,2035
2000-01-04,4.4710211753845215,4.4710211753845215,4.4710211753845215,4.4710211753845215,8580,FCAP,2035
2000-01-05,4.4710211753845215,4.4710211753845215,4.4710211753845215,4.4710211753845215,3300,FCAP,2035
2000-01-06,4.4710211753845215,4.4710211753845215,4.4710211753845215,4.4710211753845215,0,FCAP,2035
2000-01-07,4.4710211753845215,4.4710211753845215,4.4710211753845215,4.4710211753845215,0,FCAP,2035
2000-01-10,4.4710211753845215,4.4710211753845215,4.4710211753845215,4.4710211753845215,0,FCAP,2035
2000-01-11,4.4710211753845215,4.4710211753845215,4.4710211753845215,4.4710211753845215,0,FCAP,2035
2000-01-12,4.4710211753845215,4.4710211753845215,4.4710211753845215,4.4710211753845215,0,FCAP,2035
2000-01-13,4.4710211753845215,4.4710211753845215,4.4710211753845215,4.4710211753845215,0,FCAP,2035
2000-01-14,4.27662992477417,4.27662992477417,4.27662992477417,4.27662992477417,220,FCAP,2035
2000-01-18,4.27662992477417,4.27662992477417,4.27662992477417,4.27662992477417,0,FCAP,2035
2000-01-19,4.27662992477417,4.471022008695172,4.27662992477417,4.471022008695172,2090,FCAP,2035
2000-01-20,4.27662992477417,4.27662992477417,4.27662992477417,4.27662992477417,0,FCAP,2035
2000-01-21,4.27662992477417,4.27662992477417,4.27662992477417,4.27662992477417,0,FCAP,2035
2000-01-24,4.27662992477417,4.27662992477417,4.27662992477417,4.27662992477417,0,FCAP,2035
2000-01-25,4.27662992477417,4.27662992477417,4.27662992477417,4.27662992477417,0,FCAP,2035
2000-01-26,4.27662992477417,4.27662992477417,4.27662992477417,4.27662992477417,0,FCAP,2035
2000-01-27,4.27662992477417,4.27662992477417,4.27662992477417,4.27662992477417,0,FCAP,2035
2000-01-28,4.27662992477417,4.27662992477417,4.27662992477417,4.27662992477417,0,FCAP,2035
2000-01-31,4.4710211753845215,4.4710211753845215,4.4710211753845215,4.4710211753845215,660,FCAP,2035
2000-02-01,4.27662992477417,4.27662992477417,4.27662992477417,4.27662992477417,660,FCAP,2035
2000-02-02,4.27662992477417,4.27662992477417,4.27662992477417,4.27662992477417,0,FCAP,2035
2000-02-03,4.27662992477417,4.27662992477417,4.27662992477417,4.27662992477417,0,FCAP,2035
2000-02-04,4.27662992477417,4.27662992477417,4.27662992477417,4.27662992477417,0,FCAP,2035
2000-02-07,4.27662992477417,4.27662992477417,4.27662992477417,4.27662992477417,0,FCAP,2035
2000-02-08,4.27662992477417,4.27662992477417,4.27662992477417,4.27662992477417,1100,FCAP,2035
2000-02-09,4.27662992477417,4.27662992477417,4.27662992477417,4.27662992477417,2200,FCAP,2035
2000-02-10,4.27662992477417,4.27662992477417,4.27662992477417,4.27662992477417,880,FCAP,2035
2000-02-11,4.27662992477417,4.27662992477417,4.27662992477417,4.27662992477417,0,FCAP,2035
2000-02-14,4.27662992477417,4.27662992477417,4.27662992477417,4.27662992477417,0,FCAP,2035
2000-02-15,4.27662992477417,4.27662992477417,4.27662992477417,4.27662992477417,3410,FCAP,2035
2000-02-16,4.27662992477417,4.27662992477417,4.27662992477417,4.27662992477417,2640,FCAP,2035
2000-02-17,4.27662992477417,4.27662992477417,4.27662992477417,4.27662992477417,0,FCAP,2035
2000-02-18,4.27662992477417,4.27662992477417,4.27662992477417,4.27662992477417,110,FCAP,2035
2000-02-22,4.27662992477417,4.27662992477417,4.27662992477417,4.27662992477417,0,FCAP,2035
2000-02-23,4.27662992477417,4.27662992477417,4.27662992477417,4.27662992477417,0,FCAP,2035
2000-02-24,4.27662992477417,4.27662992477417,4.27662992477417,4.27662992477417,0,FCAP,2035
2000-02-25,4.27662992477417,4.27662992477417,4.27662992477417,4.27662992477417,0,FCAP,2035
2000-02-28,4.27662992477417,4.27662992477417,4.27662992477417,4.27662992477417,0,FCAP,2035
2000-02-29,4.22803258895874,4.22803258895874,4.22803258895874,4.22803258895874,440,FCAP,2035
2000-03-01,4.22803258895874,4.22803258895874,4.22803258895874,4.22803258895874,0,FCAP,2035
2000-03-02,4.27662992477417,4.27662992477417,4.27662992477417,4.27662992477417,4070,FCAP,2035
2000-03-03,4.27662992477417,4.27662992477417,4.27662992477417,4.27662992477417,0,FCAP,2035
2000-03-06,4.27662992477417,4.27662992477417,4.27662992477417,4.27662992477417,0,FCAP,2035
2000-03-07,4.27662992477417,4.27662992477417,4.27662992477417,4.27662992477417,0,FCAP,2035
2000-03-08,4.27662992477417,4.27662992477417,4.27662992477417,4.27662992477417,0,FCAP,2035
2000-03-09,4.27662992477417,4.27662992477417,4.27662992477417,4.27662992477417,0,FCAP,2035
2000-03-10,4.27662992477417,4.27662992477417,4.27662992477417,4.27662992477417,0,FCAP,2035
2000-03-13,4.27662992477417,4.27662992477417,4.27662992477417,4.27662992477417,0,FCAP,2035
2000-03-14,4.27662992477417,4.27662992477417,4.27662992477417,4.27662992477417,0,FCAP,2035
2000-03-15,4.26682186126709,4.26682186126709,4.26682186126709,4.26682186126709,0,FCAP,2035
2000-03-16,4.26682186126709,4.26682186126709,4.26682186126709,4.26682186126709,0,FCAP,2035
2000-03-17,4.168733596801758,4.168733596801758,4.168733596801758,4.168733596801758,110,FCAP,2035
2000-03-20,4.168733596801758,4.168733596801758,4.168733596801758,4.168733596801758,0,FCAP,2035
2000-03-21,4.168733596801758,4.168733596801758,4.168733596801758,4.168733596801758,0,FCAP,2035
2000-03-22,4.315865516662598,4.315865516662598,4.315865516662598,4.315865516662598,7700,FCAP,2035
2000-03-23,4.315865516662598,4.315865516662598,4.315865516662598,4.315865516662598,2200,FCAP,2035
2000-03-24,4.315865516662598,4.315865516662598,4.315865516662598,4.315865516662598,0,FCAP,2035
2000-03-27,4.315865516662598,4.315865516662598,4.315865516662598,4.315865516662598,0,FCAP,2035
2000-03-28,4.315865516662598,4.315865516662598,4.315865516662598,4.315865516662598,0,FCAP,2035
2000-03-29,4.315865516662598,4.315865516662598,4.315865516662598,4.315865516662598,0,FCAP,2035
2000-03-30,4.315865516662598,4.315865516662598,4.315865516662598,4.315865516662598,0,FCAP,2035
2000-03-31,4.4139533042907715,4.4139533042907715,4.315865343326179,4.315865343326179,1870,FCAP,2035
2000-04-03,4.168733596801758,4.168733596801758,4.168733596801758,4.168733596801758,550,FCAP,2035
2000-04-04,4.168733596801758,4.168733596801758,4.168733596801758,4.168733596801758,0,FCAP,2035
2000-04-05,4.168733596801758,4.168733596801758,4.168733596801758,4.168733596801758,0,FCAP,2035
2000-04-06,4.168733596801758,4.168733596801758,4.168733596801758,4.168733596801758,0,FCAP,2035
2000-04-07,4.168733596801758,4.315865332068362,4.168733596801758,4.315865332068362,1870,FCAP,2035
2000-04-10,4.168733596801758,4.168733596801758,4.168733596801758,4.168733596801758,0,FCAP,2035
2000-04-11,4.315865516662598,4.315865516662598,4.315865516662598,4.315865516662598,2200,FCAP,2035
2000-04-12,4.512040138244629,4.512040138244629,4.512040138244629,4.512040138244629,2200,FCAP,2035
2000-04-13,4.315865516662598,4.315865516662598,4.315865516662598,4.315865516662598,660,FCAP,2035
2000-04-14,4.168733596801758,4.217777371359628,4.168733596801758,4.217777371359628,4840,FCAP,2035
2000-04-17,4.168733596801758,4.168733596801758,4.168733596801758,4.168733596801758,0,FCAP,2035
2000-04-18,4.168733596801758,4.168733596801758,4.168733596801758,4.168733596801758,0,FCAP,2035
2000-04-19,4.168733596801758,4.168733596801758,4.168733596801758,4.168733596801758,0,FCAP,2035
2000-04-20,4.168733596801758,4.168733596801758,4.168733596801758,4.168733596801758,0,FCAP,2035
2000-04-24,4.168733596801758,4.168733596801758,4.168733596801758,4.168733596801758,0,FCAP,2035
2000-04-25,4.168733596801758,4.168733596801758,4.168733596801758,4.168733596801758,0,FCAP,2035
2000-04-26,4.119689464569092,4.119689464569092,4.119689464569092,4.119689464569092,660,FCAP,2035
2000-04-27,4.119689464569092,4.119689464569092,4.119689464569092,4.119689464569092,0,FCAP,2035
2000-04-28,4.315865516662598,4.315865516662598,4.119689998447484,4.16873377510301,7590,FCAP,2035
2000-05-01,4.315865516662598,4.315865516662598,4.315865516662598,4.315865516662598,0,FCAP,2035
2000-05-02,4.315865516662598,4.315865516662598,4.315865516662598,4.315865516662598,0,FCAP,2035
2000-05-03,4.315865516662598,4.315865516662598,4.315865516662598,4.315865516662598,0,FCAP,2035
2000-05-04,4.315865516662598,4.315865516662598,4.315865516662598,4.315865516662598,0,FCAP,2035
2000-05-05,4.315865516662598,4.315865516662598,4.315865516662598,4.315865516662598,0,FCAP,2035
2000-05-08,4.315865516662598,4.315865516662598,4.315865516662598,4.315865516662598,0,FCAP,2035
2000-05-09,4.315865516662598,4.315865516662598,4.315865516662598,4.315865516662598,0,FCAP,2035
2000-05-10,4.315865516662598,4.315865516662598,4.315865516662598,4.315865516662598,0,FCAP,2035
2000-05-11,4.315865516662598,4.315865516662598,4.315865516662598,4.315865516662598,0,FCAP,2035
2000-05-12,4.315865516662598,4.315865516662598,4.315865516662598,4.315865516662598,0,FCAP,2035
2000-05-15,4.315865516662598,4.315865516662598,4.315865516662598,4.315865516662598,0,FCAP,2035
2000-05-16,4.315865516662598,4.315865516662598,4.315865516662598,4.315865516662598,0,FCAP,2035
2000-05-17,4.315865516662598,4.315865516662598,4.315865516662598,4.315865516662598,0,FCAP,2035
2000-05-18,4.315865516662598,4.315865516662598,4.315865516662598,4.315865516662598,0,FCAP,2035
2000-05-19,4.315865516662598,4.315865516662598,4.315865516662598,4.315865516662598,0,FCAP,2035
2000-05-22,4.315865516662598,4.315865516662598,4.315865516662598,4.315865516662598,0,FCAP,2035
2000-05-23,4.315865516662598,4.315865516662598,4.315865516662598,4.315865516662598,0,FCAP,2035
2000-05-24,4.315865516662598,4.315865516662598,4.315865516662598,4.315865516662598,0,FCAP,2035
2000-05-25,4.315865516662598,4.315865516662598,4.315865516662598,4.315865516662598,0,FCAP,2035
2000-05-26,4.315865516662598,4.315865516662598,4.315865516662598,4.315865516662598,0,FCAP,2035
2000-05-30,4.315865516662598,4.315865516662598,4.315865516662598,4.315865516662598,0,FCAP,2035
2000-05-31,4.315865516662598,4.315865516662598,4.315865516662598,4.315865516662598,0,FCAP,2035
2000-06-01,3.972557544708252,3.972557544708252,3.972557544708252,3.972557544708252,550,FCAP,2035
2000-06-02,3.972557544708252,3.972557544708252,3.972557544708252,3.972557544708252,0,FCAP,2035
2000-06-05,3.972557544708252,3.972557544708252,3.972557544708252,3.972557544708252,660,FCAP,2035
2000-06-06,3.972557544708252,3.972557544708252,3.972557544708252,3.972557544708252,0,FCAP,2035
2000-06-07,3.972557544708252,3.972557544708252,3.972557544708252,3.972557544708252,0,FCAP,2035
2000-06-08,3.972557544708252,3.972557544708252,3.972557544708252,3.972557544708252,0,FCAP,2035
2000-06-09,4.217777729034424,4.217777729034424,3.923514233547166,3.972558012264033,9570,FCAP,2035
2000-06-12,4.217777729034424,4.217777729034424,4.217777729034424,4.217777729034424,0,FCAP,2035
2000-06-13,4.217777729034424,4.217777729034424,4.217777729034424,4.217777729034424,0,FCAP,2035
2000-06-14,4.207876682281494,4.207876682281494,4.207876682281494,4.207876682281494,0,FCAP,2035
2000-06-15,4.207876682281494,4.207876682281494,4.207876682281494,4.207876682281494,0,FCAP,2035
2000-06-16,4.207876682281494,4.207876682281494,4.207876682281494,4.207876682281494,0,FCAP,2035
2000-06-19,4.207876682281494,4.207876682281494,4.207876682281494,4.207876682281494,0,FCAP,2035
2000-06-20,4.207876682281494,4.207876682281494,4.207876682281494,4.207876682281494,0,FCAP,2035
2000-06-21,4.207876682281494,4.207876682281494,4.207876682281494,4.207876682281494,0,FCAP,2035
2000-06-22,3.9603540897369385,3.9603540897369385,3.9603540897369385,3.9603540897369385,440,FCAP,2035
2000-06-23,3.9603540897369385,3.9603540897369385,3.9603540897369385,3.9603540897369385,0,FCAP,2035
2000-06-26,3.9603540897369385,3.9603540897369385,3.9603540897369385,3.9603540897369385,0,FCAP,2035
2000-06-27,3.9603540897369385,3.9603540897369385,3.9603540897369385,3.9603540897369385,0,FCAP,2035
2000-06-28,3.9603540897369385,3.9603540897369385,3.9603540897369385,3.9603540897369385,0,FCAP,2035
2000-06-29,3.9603540897369385,3.9603540897369385,3.9603540897369385,3.9603540897369385,0,FCAP,2035
2000-06-30,4.257380962371826,4.257380962371826,4.257380962371826,4.257380962371826,220,FCAP,2035
2000-07-03,4.257380962371826,4.257380962371826,4.257380962371826,4.257380962371826,0,FCAP,2035
2000-07-05,4.257380962371826,4.257380962371826,4.257380962371826,4.257380962371826,0,FCAP,2035
2000-07-06,4.257380962371826,4.257380962371826,4.257380962371826,4.257380962371826,0,FCAP,2035
2000-07-07,4.257380962371826,4.257380962371826,4.257380962371826,4.257380962371826,0,FCAP,2035
2000-07-10,4.257380962371826,4.257380962371826,4.257380962371826,4.257380962371826,0,FCAP,2035
2000-07-11,4.257380962371826,4.257380962371826,4.257380962371826,4.257380962371826,0,FCAP,2035
2000-07-12,4.257380962371826,4.257380962371826,4.257380962371826,4.257380962371826,0,FCAP,2035
2000-07-13,4.257380962371826,4.257380962371826,4.257380962371826,4.257380962371826,0,FCAP,2035
2000-07-14,4.257380962371826,4.257380962371826,4.257380962371826,4.257380962371826,0,FCAP,2035
2000-07-17,4.257380962371826,4.257380962371826,4.257380962371826,4.257380962371826,0,FCAP,2035
2000-07-18,4.158372402191162,4.158372402191162,4.059363426661969,4.059363426661969,660,FCAP,2035
2000-07-19,4.158372402191162,4.158372402191162,4.158372402191162,4.158372402191162,440,FCAP,2035
2000-07-20,4.158372402191162,4.158372402191162,4.158372402191162,4.158372402191162,0,FCAP,2035
2000-07-21,4.158372402191162,4.158372402191162,4.158372402191162,4.158372402191162,0,FCAP,2035
2000-07-24,4.257380962371826,4.257380962371826,4.257380962371826,4.257380962371826,4950,FCAP,2035
2000-07-25,4.257380962371826,4.257380962371826,4.257380962371826,4.257380962371826,0,FCAP,2035
2000-07-26,4.257380962371826,4.257380962371826,4.257380962371826,4.257380962371826,0,FCAP,2035
2000-07-27,4.257380962371826,4.257380962371826,4.257380962371826,4.257380962371826,0,FCAP,2035
2000-07-28,4.257380962371826,4.257380962371826,4.257380962371826,4.257380962371826,0,FCAP,2035
2000-07-31,4.257380962371826,4.257380962371826,4.257380962371826,4.257380962371826,0,FCAP,2035
2000-08-01,4.257380962371826,4.257380962371826,4.257380962371826,4.257380962371826,0,FCAP,2035
2000-08-02,4.257380962371826,4.257380962371826,4.257380962371826,4.257380962371826,0,FCAP,2035
2000-08-03,4.257380962371826,4.282133102390329,4.257380962371826,4.282133102390329,330,FCAP,2035
2000-08-04,4.257380962371826,4.257380962371826,4.257380962371826,4.257380962371826,0,FCAP,2035
2000-08-07,4.306886196136475,4.306886196136475,4.0593639341009435,4.108868220324942,4840,FCAP,2035
2000-08-08,4.306886196136475,4.306886196136475,4.306886196136475,4.306886196136475,5720,FCAP,2035
2000-08-09,4.306886196136475,4.306886196136475,4.306886196136475,4.306886196136475,0,FCAP,2035
2000-08-10,4.158372402191162,4.158372402191162,4.158372402191162,4.158372402191162,660,FCAP,2035
2000-08-11,4.158372402191162,4.158372402191162,4.158372402191162,4.158372402191162,0,FCAP,2035
2000-08-14,4.158372402191162,4.158372402191162,4.158372402191162,4.158372402191162,0,FCAP,2035
2000-08-15,4.158372402191162,4.158372402191162,4.158372402191162,4.158372402191162,0,FCAP,2035
2000-08-16,4.158372402191162,4.158372402191162,4.158372402191162,4.158372402191162,0,FCAP,2035
2000-08-17,4.158372402191162,4.158372402191162,4.158372402191162,4.158372402191162,0,FCAP,2035
2000-08-18,4.158372402191162,4.158372402191162,4.158372402191162,4.158372402191162,0,FCAP,2035
2000-08-21,4.158372402191162,4.158372402191162,4.158372402191162,4.158372402191162,0,FCAP,2035
2000-08-22,4.158372402191162,4.158372402191162,4.158372402191162,4.158372402191162,0,FCAP,2035
2000-08-23,4.158372402191162,4.158372402191162,4.158372402191162,4.158372402191162,0,FCAP,2035
2000-08-24,4.158372402191162,4.158372402191162,4.158372402191162,4.158372402191162,0,FCAP,2035
2000-08-25,4.356391906738281,4.356391906738281,4.356391906738281,4.356391906738281,6600,FCAP,2035
2000-08-28,4.455399513244629,4.455399513244629,4.40589481108532,4.40589481108532,12540,FCAP,2035
2000-08-29,4.455399513244629,4.455399513244629,4.455399513244629,4.455399513244629,0,FCAP,2035
2000-08-30,4.455399513244629,4.455399513244629,4.455399513244629,4.455399513244629,0,FCAP,2035
2000-08-31,4.356391906738281,4.356391906738281,4.356391906738281,4.356391906738281,220,FCAP,2035
2000-09-01,4.356391906738281,4.356391906738281,4.356391906738281,4.356391906738281,0,FCAP,2035
2000-09-05,4.356391906738281,4.356391906738281,4.356391906738281,4.356391906738281,0,FCAP,2035
2000-09-06,4.603911399841309,4.603911399841309,4.603911399841309,4.603911399841309,110,FCAP,2035
2000-09-07,4.455399513244629,4.455399513244629,4.455399513244629,4.455399513244629,110,FCAP,2035
2000-09-08,4.158372402191162,4.158372402191162,4.158372402191162,4.158372402191162,2200,FCAP,2035
2000-09-11,4.158372402191162,4.158372402191162,4.158372402191162,4.158372402191162,0,FCAP,2035
2000-09-12,4.158372402191162,4.158372402191162,4.158372402191162,4.158372402191162,0,FCAP,2035
2000-09-13,4.148374080657959,4.148374080657959,4.148374080657959,4.148374080657959,0,FCAP,2035
2000-09-14,4.148374080657959,4.148374080657959,4.148374080657959,4.148374080657959,0,FCAP,2035
2000-09-15,4.148374080657959,4.148374080657959,4.148374080657959,4.148374080657959,0,FCAP,2035
2000-09-18,4.148374080657959,4.148374080657959,4.148374080657959,4.148374080657959,0,FCAP,2035
2000-09-19,4.148374080657959,4.148374080657959,4.148374080657959,4.148374080657959,0,FCAP,2035
2000-09-20,4.148374080657959,4.148374080657959,4.148374080657959,4.148374080657959,0,FCAP,2035
2000-09-21,4.198356628417969,4.198356628417969,4.198356628417969,4.198356628417969,2200,FCAP,2035
2000-09-22,4.198356628417969,4.198356628417969,4.198356628417969,4.198356628417969,0,FCAP,2035
2000-09-25,4.198356628417969,4.198356628417969,4.198356628417969,4.198356628417969,0,FCAP,2035
2000-09-26,4.198356628417969,4.198356628417969,4.198356628417969,4.198356628417969,0,FCAP,2035
2000-09-27,4.198356628417969,4.198356628417969,4.198356628417969,4.198356628417969,0,FCAP,2035
2000-09-28,4.198356628417969,4.198356628417969,4.198356628417969,4.198356628417969,0,FCAP,2035
2000-09-29,4.29831600189209,4.29831600189209,4.29831600189209,4.29831600189209,3080,FCAP,2035
2000-10-02,4.29831600189209,4.29831600189209,4.29831600189209,4.29831600189209,2200,FCAP,2035
2000-10-03,4.29831600189209,4.29831600189209,4.29831600189209,4.29831600189209,110,FCAP,2035
2000-10-04,4.29831600189209,4.29831600189209,4.29831600189209,4.29831600189209,0,FCAP,2035
2000-10-05,4.29831600189209,4.29831600189209,4.29831600189209,4.29831600189209,0,FCAP,2035
2000-10-06,4.29831600189209,4.29831600189209,4.29831600189209,4.29831600189209,0,FCAP,2035
2000-10-09,4.29831600189209,4.29831600189209,4.29831600189209,4.29831600189209,0,FCAP,2035
2000-10-10,4.29831600189209,4.29831600189209,4.29831600189209,4.29831600189209,0,FCAP,2035
2000-10-11,4.198356628417969,4.198356628417969,4.198356628417969,4.198356628417969,550,FCAP,2035
2000-10-12,4.198356628417969,4.198356628417969,4.198356628417969,4.198356628417969,0,FCAP,2035
2000-10-13,4.198356628417969,4.198356628417969,4.198356628417969,4.198356628417969,0,FCAP,2035
2000-10-16,4.198356628417969,4.198356628417969,4.198356628417969,4.198356628417969,0,FCAP,2035
2000-10-17,4.198356628417969,4.198356628417969,4.198356628417969,4.198356628417969,0,FCAP,2035
2000-10-18,4.198356628417969,4.198356628417969,4.198356628417969,4.198356628417969,0,FCAP,2035
2000-10-19,4.198356628417969,4.198356628417969,4.198356628417969,4.198356628417969,0,FCAP,2035
2000-10-20,4.198356628417969,4.198356628417969,4.198356628417969,4.198356628417969,220,FCAP,2035
2000-10-23,4.248335361480713,4.248335361480713,4.248335361480713,4.248335361480713,9900,FCAP,2035
2000-10-24,4.248335361480713,4.248335361480713,4.248335361480713,4.248335361480713,0,FCAP,2035
2000-10-25,4.248335361480713,4.248335361480713,4.248335361480713,4.248335361480713,0,FCAP,2035
2000-10-26,4.248335361480713,4.248335361480713,4.248335361480713,4.248335361480713,0,FCAP,2035
2000-10-27,4.198356628417969,4.198356628417969,4.198356628417969,4.198356628417969,2200,FCAP,2035
2000-10-30,4.198356628417969,4.198356628417969,4.198356628417969,4.198356628417969,0,FCAP,2035
2000-10-31,4.398279190063477,4.398279190063477,4.298318184984055,4.298318184984055,17050,FCAP,2035
2000-11-01,4.398279190063477,4.398279190063477,4.398279190063477,4.398279190063477,0,FCAP,2035
2000-11-02,4.398279190063477,4.398279190063477,4.398279190063477,4.398279190063477,0,FCAP,2035
2000-11-03,4.398279190063477,4.398279190063477,4.398279190063477,4.398279190063477,0,FCAP,2035
2000-11-06,4.398279190063477,4.398279190063477,4.398279190063477,4.398279190063477,0,FCAP,2035
2000-11-07,4.398279190063477,4.398279190063477,4.398279190063477,4.398279190063477,0,FCAP,2035
2000-11-08,4.398279190063477,4.398279190063477,4.398279190063477,4.398279190063477,0,FCAP,2035
2000-11-09,4.398279190063477,4.398279190063477,4.398279190063477,4.398279190063477,0,FCAP,2035
2000-11-10,4.398279190063477,4.398279190063477,4.398279190063477,4.398279190063477,0,FCAP,2035
2000-11-13,4.198356628417969,4.198356628417969,4.198356628417969,4.198356628417969,770,FCAP,2035
2000-11-14,4.198356628417969,4.198356628417969,4.198356628417969,4.198356628417969,0,FCAP,2035
2000-11-15,4.198356628417969,4.198356628417969,4.198356628417969,4.198356628417969,0,FCAP,2035
2000-11-16,4.198356628417969,4.198356628417969,4.198356628417969,4.198356628417969,0,FCAP,2035
2000-11-17,4.398279190063477,4.398279190063477,4.398279190063477,4.398279190063477,330,FCAP,2035
2000-11-20,4.398279190063477,4.398279190063477,4.398279190063477,4.398279190063477,0,FCAP,2035
2000-11-21,4.398279190063477,4.398279190063477,4.398279190063477,4.398279190063477,0,FCAP,2035
2000-11-22,4.398279190063477,4.398279190063477,4.398279190063477,4.398279190063477,0,FCAP,2035
2000-11-24,4.398279190063477,4.398279190063477,4.398279190063477,4.398279190063477,0,FCAP,2035
2000-11-27,4.398279190063477,4.398279190063477,4.398279190063477,4.398279190063477,0,FCAP,2035
2000-11-28,4.398279190063477,4.398279190063477,4.398279190063477,4.398279190063477,0,FCAP,2035
2000-11-29,4.398279190063477,4.398279190063477,4.398279190063477,4.398279190063477,0,FCAP,2035
2000-11-30,4.098395347595215,4.098395347595215,4.098395347595215,4.098395347595215,110,FCAP,2035
2000-12-01,4.098395347595215,4.098395347595215,4.098395347595215,4.098395347595215,0,FCAP,2035
2000-12-04,4.098395347595215,4.098395347595215,4.098395347595215,4.098395347595215,0,FCAP,2035
2000-12-05,4.098395347595215,4.098395347595215,4.098395347595215,4.098395347595215,0,FCAP,2035
2000-12-06,4.098395347595215,4.098395347595215,4.098395347595215,4.098395347595215,0,FCAP,2035
2000-12-07,4.098395347595215,4.098395347595215,4.098395347595215,4.098395347595215,0,FCAP,2035
2000-12-08,4.098395347595215,4.098395347595215,4.098395347595215,4.098395347595215,0,FCAP,2035
2000-12-11,4.098395347595215,4.098395347595215,4.098395347595215,4.098395347595215,0,FCAP,2035
2000-12-12,4.098395347595215,4.098395347595215,4.098395347595215,4.098395347595215,0,FCAP,2035
2000-12-13,4.344946384429932,4.344946384429932,4.344946384429932,4.344946384429932,660,FCAP,2035
2000-12-14,4.344946384429932,4.344946384429932,4.344946384429932,4.344946384429932,2200,FCAP,2035
2000-12-15,4.344946384429932,4.344946384429932,4.344946384429932,4.344946384429932,0,FCAP,2035
2000-12-18,4.344946384429932,4.344946384429932,4.344946384429932,4.344946384429932,0,FCAP,2035
2000-12-19,4.344946384429932,4.344946384429932,4.344946384429932,4.344946384429932,0,FCAP,2035
2000-12-20,4.344946384429932,4.344946384429932,4.344946384429932,4.344946384429932,0,FCAP,2035
2000-12-21,4.218638896942139,4.344945493904756,4.218638896942139,4.344945493904756,770,FCAP,2035
2000-12-22,4.218638896942139,4.218638896942139,4.218638896942139,4.218638896942139,0,FCAP,2035
2000-12-26,4.218638896942139,4.218638896942139,4.218638896942139,4.218638896942139,0,FCAP,2035
2000-12-27,4.218638896942139,4.218638896942139,4.218638896942139,4.218638896942139,0,FCAP,2035
2000-12-28,4.445991039276123,4.445991039276123,4.445991039276123,4.445991039276123,4290,FCAP,2035
2000-12-29,4.445991039276123,4.445991039276123,4.445991039276123,4.445991039276123,0,FCAP,2035
2001-01-02,4.1933770179748535,4.1933770179748535,4.1933770179748535,4.1933770179748535,660,FCAP,2035
2001-01-03,4.1933770179748535,4.1933770179748535,4.1933770179748535,4.1933770179748535,0,FCAP,2035
2001-01-04,4.1933770179748535,4.1933770179748535,4.1933770179748535,4.1933770179748535,0,FCAP,2035
2001-01-05,4.1933770179748535,4.1933770179748535,4.1933770179748535,4.1933770179748535,0,FCAP,2035
2001-01-08,4.1933770179748535,4.1933770179748535,4.1933770179748535,4.1933770179748535,0,FCAP,2035
2001-01-09,4.1933770179748535,4.1933770179748535,4.1933770179748535,4.1933770179748535,0,FCAP,2035
2001-01-10,4.445991039276123,4.445991039276123,4.445991039276123,4.445991039276123,440,FCAP,2035
2001-01-11,4.445991039276123,4.445991039276123,4.445991039276123,4.445991039276123,0,FCAP,2035
2001-01-12,4.445991039276123,4.445991039276123,4.445991039276123,4.445991039276123,0,FCAP,2035
2001-01-16,4.1933770179748535,4.1933770179748535,4.1933770179748535,4.1933770179748535,330,FCAP,2035
2001-01-17,4.041809558868408,4.193377380225737,4.041809558868408,4.193377380225737,4730,FCAP,2035
2001-01-18,4.041809558868408,4.041809558868408,4.041809558868408,4.041809558868408,0,FCAP,2035
2001-01-19,4.243901252746582,4.243901252746582,4.243901252746582,4.243901252746582,1430,FCAP,2035
2001-01-22,4.243901252746582,4.243901252746582,4.243901252746582,4.243901252746582,0,FCAP,2035
2001-01-23,5.355395793914795,5.355395793914795,4.29442103949702,4.29442103949702,4290,FCAP,2035
2001-01-24,5.355395793914795,5.355395793914795,5.355395793914795,5.355395793914795,0,FCAP,2035
2001-01-25,5.355395793914795,5.355395793914795,5.355395793914795,5.355395793914795,0,FCAP,2035
2001-01-26,5.355395793914795,5.355395793914795,5.355395793914795,5.355395793914795,0,FCAP,2035
2001-01-29,5.355395793914795,5.355395793914795,5.355395793914795,5.355395793914795,0,FCAP,2035
2001-01-30,5.102783679962158,5.1533061353271625,5.05226080059454,5.05226080059454,1540,FCAP,2035
2001-01-31,5.102783679962158,5.102783679962158,5.102783679962158,5.102783679962158,0,FCAP,2035
2001-02-01,5.102783679962158,5.102783679962158,5.102783679962158,5.102783679962158,0,FCAP,2035
2001-02-02,5.102783679962158,5.102783679962158,5.102783679962158,5.102783679962158,0,FCAP,2035
2001-02-05,5.102783679962158,5.102783679962158,5.102783679962158,5.102783679962158,0,FCAP,2035
2001-02-06,5.102783679962158,5.102783679962158,5.102783679962158,5.102783679962158,0,FCAP,2035
2001-02-07,4.572298049926758,4.749127139149675,4.572298049926758,4.749127139149675,3520,FCAP,2035
2001-02-08,4.572298049926758,4.572298049926758,4.572298049926758,4.572298049926758,0,FCAP,2035
2001-02-09,4.572298049926758,4.572298049926758,4.572298049926758,4.572298049926758,0,FCAP,2035
2001-02-12,4.572298049926758,4.572298049926758,4.572298049926758,4.572298049926758,0,FCAP,2035
2001-02-13,4.445991039276123,4.445991039276123,4.445991039276123,4.445991039276123,1100,FCAP,2035
2001-02-14,4.445991039276123,4.445991039276123,4.445991039276123,4.445991039276123,0,FCAP,2035
2001-02-15,4.445991039276123,4.445991039276123,4.445991039276123,4.445991039276123,0,FCAP,2035
2001-02-16,4.445991039276123,4.445991039276123,4.445991039276123,4.445991039276123,0,FCAP,2035
2001-02-20,4.445991039276123,4.445991039276123,4.445991039276123,4.445991039276123,220,FCAP,2035
2001-02-21,4.445991039276123,4.445991039276123,4.445991039276123,4.445991039276123,0,FCAP,2035
2001-02-22,4.648080348968506,4.69860323337204,4.648080348968506,4.69860323337204,1540,FCAP,2035
2001-02-23,4.648080348968506,4.648080348968506,4.648080348968506,4.648080348968506,0,FCAP,2035
2001-02-26,4.648080348968506,4.648080348968506,4.648080348968506,4.648080348968506,0,FCAP,2035
2001-02-27,4.445991039276123,4.445991039276123,4.445991039276123,4.445991039276123,440,FCAP,2035
2001-02-28,4.648080348968506,4.648080348968506,4.648080348968506,4.648080348968506,220,FCAP,2035
2001-03-01,4.648080348968506,4.648080348968506,4.648080348968506,4.648080348968506,0,FCAP,2035
2001-03-02,4.648080348968506,4.648080348968506,4.648080348968506,4.648080348968506,0,FCAP,2035
2001-03-05,4.648080348968506,4.648080348968506,4.648080348968506,4.648080348968506,0,FCAP,2035
2001-03-06,4.445991039276123,4.445991039276123,4.445991039276123,4.445991039276123,110,FCAP,2035
2001-03-07,4.547036647796631,4.547036647796631,4.547036647796631,4.547036647796631,110,FCAP,2035
2001-03-08,4.547036647796631,4.547036647796631,4.547036647796631,4.547036647796631,0,FCAP,2035
2001-03-09,4.547036647796631,4.547036647796631,4.547036647796631,4.547036647796631,0,FCAP,2035
2001-03-12,4.547036647796631,4.547036647796631,4.547036647796631,4.547036647796631,0,FCAP,2035
2001-03-13,4.547036647796631,4.547036647796631,4.547036647796631,4.547036647796631,0,FCAP,2035
2001-03-14,4.54091215133667,4.54091215133667,4.54091215133667,4.54091215133667,0,FCAP,2035
2001-03-15,4.54091215133667,4.54091215133667,4.54091215133667,4.54091215133667,0,FCAP,2035
2001-03-16,4.54091215133667,4.54091215133667,4.54091215133667,4.54091215133667,0,FCAP,2035
2001-03-19,4.54091215133667,4.54091215133667,4.54091215133667,4.54091215133667,0,FCAP,2035
2001-03-20,4.59193754196167,4.59193754196167,4.59193754196167,4.59193754196167,0,FCAP,2035
2001-03-21,4.59193754196167,4.59193754196167,4.59193754196167,4.59193754196167,0,FCAP,2035
2001-03-22,4.59193754196167,4.59193754196167,4.59193754196167,4.59193754196167,0,FCAP,2035
2001-03-23,4.8980631828308105,4.8980631828308105,4.693976984943605,4.693976984943605,2200,FCAP,2035
2001-03-26,4.8980631828308105,4.8980631828308105,4.8980631828308105,4.8980631828308105,0,FCAP,2035
2001-03-27,4.8980631828308105,4.8980631828308105,4.8980631828308105,4.8980631828308105,0,FCAP,2035
2001-03-28,4.8980631828308105,4.8980631828308105,4.8980631828308105,4.8980631828308105,0,FCAP,2035
2001-03-29,4.8980631828308105,4.8980631828308105,4.8980631828308105,4.8980631828308105,0,FCAP,2035
2001-03-30,4.8980631828308105,4.8980631828308105,4.8980631828308105,4.8980631828308105,0,FCAP,2035
2001-04-02,4.8980631828308105,4.8980631828308105,4.8980631828308105,4.8980631828308105,0,FCAP,2035
2001-04-03,4.8980631828308105,4.8980631828308105,4.8980631828308105,4.8980631828308105,0,FCAP,2035
2001-04-04,4.693976879119873,4.693976879119873,4.693976879119873,4.693976879119873,2200,FCAP,2035
2001-04-05,4.48989200592041,4.693977811557943,4.48989200592041,4.693977811557943,1100,FCAP,2035
2001-04-06,4.48989200592041,4.48989200592041,4.48989200592041,4.48989200592041,0,FCAP,2035
2001-04-09,4.48989200592041,4.48989200592041,4.48989200592041,4.48989200592041,0,FCAP,2035
2001-04-10,4.48989200592041,4.48989200592041,4.48989200592041,4.48989200592041,0,FCAP,2035
2001-04-11,4.48989200592041,4.48989200592041,4.48989200592041,4.48989200592041,0,FCAP,2035
2001-04-12,4.285806179046631,4.285806179046631,4.285806179046631,4.285806179046631,110,FCAP,2035
2001-04-16,4.48989200592041,4.48989200592041,4.48989200592041,4.48989200592041,110,FCAP,2035
2001-04-17,4.48989200592041,4.48989200592041,4.48989200592041,4.48989200592041,0,FCAP,2035
2001-04-18,4.48989200592041,4.48989200592041,4.48989200592041,4.48989200592041,0,FCAP,2035
2001-04-19,4.285806179046631,4.285806179046631,4.285806179046631,4.285806179046631,2200,FCAP,2035
2001-04-20,4.285806179046631,4.285806179046631,4.285806179046631,4.285806179046631,0,FCAP,2035
2001-04-23,4.285806179046631,4.285806179046631,4.285806179046631,4.285806179046631,0,FCAP,2035
2001-04-24,4.285806179046631,4.285806179046631,4.285806179046631,4.285806179046631,0,FCAP,2035
2001-04-25,4.48989200592041,4.48989200592041,4.48989200592041,4.48989200592041,220,FCAP,2035
2001-04-26,4.48989200592041,4.48989200592041,4.48989200592041,4.48989200592041,0,FCAP,2035
2001-04-27,4.48989200592041,4.48989200592041,4.48989200592041,4.48989200592041,0,FCAP,2035
2001-04-30,4.48989200592041,4.48989200592041,4.48989200592041,4.48989200592041,0,FCAP,2035
2001-05-01,4.289887428283691,4.289887428283691,4.289887428283691,4.289887428283691,2200,FCAP,2035
2001-05-02,4.289887428283691,4.289887428283691,4.289887428283691,4.289887428283691,0,FCAP,2035
2001-05-03,4.289887428283691,4.289887428283691,4.289887428283691,4.289887428283691,0,FCAP,2035
2001-05-04,4.289887428283691,4.289887428283691,4.289887428283691,4.289887428283691,0,FCAP,2035
2001-05-07,4.289887428283691,4.289887428283691,4.289887428283691,4.289887428283691,0,FCAP,2035
2001-05-08,4.289887428283691,4.289887428283691,4.289887428283691,4.289887428283691,0,FCAP,2035
2001-05-09,4.289887428283691,4.289887428283691,4.289887428283691,4.289887428283691,0,FCAP,2035
2001-05-10,4.289887428283691,4.289887428283691,4.289887428283691,4.289887428283691,0,FCAP,2035
2001-05-11,4.289887428283691,4.289887428283691,4.289887428283691,4.289887428283691,0,FCAP,2035
2001-05-14,4.289887428283691,4.289887428283691,4.289887428283691,4.289887428283691,0,FCAP,2035
2001-05-15,4.289887428283691,4.289887428283691,4.289887428283691,4.289887428283691,0,FCAP,2035
2001-05-16,4.289887428283691,4.289887428283691,4.289887428283691,4.289887428283691,0,FCAP,2035
2001-05-17,4.289887428283691,4.289887428283691,4.289887428283691,4.289887428283691,0,FCAP,2035
2001-05-18,4.289887428283691,4.289887428283691,4.289887428283691,4.289887428283691,0,FCAP,2035
2001-05-21,4.289887428283691,4.289887428283691,4.289887428283691,4.289887428283691,0,FCAP,2035
2001-05-22,4.289887428283691,4.289887428283691,4.289887428283691,4.289887428283691,0,FCAP,2035
2001-05-23,4.289887428283691,4.289887428283691,4.289887428283691,4.289887428283691,0,FCAP,2035
2001-05-24,4.289887428283691,4.289887428283691,4.289887428283691,4.289887428283691,0,FCAP,2035
2001-05-25,4.289887428283691,4.289887428283691,4.289887428283691,4.289887428283691,0,FCAP,2035
2001-05-29,4.289887428283691,4.289887428283691,4.289887428283691,4.289887428283691,0,FCAP,2035
2001-05-30,4.289887428283691,4.289887428283691,4.289887428283691,4.289887428283691,0,FCAP,2035
2001-05-31,4.289887428283691,4.289887428283691,4.289887428283691,4.289887428283691,0,FCAP,2035
2001-06-01,4.289887428283691,4.289887428283691,4.289887428283691,4.289887428283691,0,FCAP,2035
2001-06-04,4.289887428283691,4.289887428283691,4.289887428283691,4.289887428283691,0,FCAP,2035
2001-06-05,4.289887428283691,4.289887428283691,4.289887428283691,4.289887428283691,0,FCAP,2035
2001-06-06,4.289887428283691,4.289887428283691,4.289887428283691,4.289887428283691,0,FCAP,2035
2001-06-07,4.289887428283691,4.289887428283691,4.289887428283691,4.289887428283691,0,FCAP,2035
2001-06-08,4.48989200592041,4.48989200592041,4.48989200592041,4.48989200592041,220,FCAP,2035
2001-06-11,4.48989200592041,4.48989200592041,4.48989200592041,4.48989200592041,0,FCAP,2035
2001-06-12,4.48989200592041,4.48989200592041,4.48989200592041,4.48989200592041,0,FCAP,2035
2001-06-13,4.5394134521484375,4.5394134521484375,4.5394134521484375,4.5394134521484375,0,FCAP,2035
2001-06-14,4.5394134521484375,4.5394134521484375,4.5394134521484375,4.5394134521484375,0,FCAP,2035
2001-06-15,4.489891529083252,4.489891529083252,4.489891529083252,4.489891529083252,0,FCAP,2035
2001-06-18,4.489891529083252,4.489891529083252,4.489891529083252,4.489891529083252,0,FCAP,2035
2001-06-19,4.489891529083252,4.489891529083252,4.489891529083252,4.489891529083252,0,FCAP,2035
2001-06-20,4.489891529083252,4.489891529083252,4.489891529083252,4.489891529083252,0,FCAP,2035
2001-06-21,4.353710174560547,4.436244886634379,4.353710174560547,4.436244886634379,1320,FCAP,2035
2001-06-22,4.5394134521484375,4.5394134521484375,4.415611385156808,4.415611385156808,4510,FCAP,2035
2001-06-25,4.5394134521484375,4.5394134521484375,4.5394134521484375,4.5394134521484375,0,FCAP,2035
2001-06-26,4.5394134521484375,4.5394134521484375,4.5394134521484375,4.5394134521484375,550,FCAP,2035
2001-06-27,4.498145580291748,4.518779039299756,4.498145580291748,4.518779039299756,660,FCAP,2035
2001-06-28,4.498145580291748,4.498145580291748,4.498145580291748,4.498145580291748,0,FCAP,2035
2001-06-29,4.498145580291748,4.498145580291748,4.498145580291748,4.498145580291748,0,FCAP,2035
2001-07-02,4.745748519897461,4.745748519897461,4.745748519897461,4.745748519897461,220,FCAP,2035
2001-07-03,4.745748519897461,4.745748519897461,4.745748519897461,4.745748519897461,0,FCAP,2035
2001-07-05,4.745748519897461,4.745748519897461,4.745748519897461,4.745748519897461,0,FCAP,2035
2001-07-06,4.745748519897461,4.745748519897461,4.745748519897461,4.745748519897461,0,FCAP,2035
2001-07-09,4.745748519897461,4.745748519897461,4.745748519897461,4.745748519897461,0,FCAP,2035
2001-07-10,4.745748519897461,4.745748519897461,4.745748519897461,4.745748519897461,0,FCAP,2035
2001-07-11,4.745748519897461,4.745748519897461,4.745748519897461,4.745748519897461,0,FCAP,2035
2001-07-12,4.745748519897461,4.745748519897461,4.745748519897461,4.745748519897461,0,FCAP,2035
2001-07-13,4.745748519897461,4.745748519897461,4.745748519897461,4.745748519897461,0,FCAP,2035
2001-07-16,4.952086448669434,4.952086448669434,4.952086448669434,4.952086448669434,220,FCAP,2035
2001-07-17,5.055254936218262,5.055254936218262,4.848917770337623,4.848917770337623,3960,FCAP,2035
2001-07-18,5.220323085784912,5.220323085784912,5.158421864104046,5.158421864104046,2750,FCAP,2035
2001-07-19,5.1171555519104,5.344126166304556,5.1171555519104,5.344126166304556,5060,FCAP,2035
2001-07-20,5.1171555519104,5.1171555519104,5.1171555519104,5.1171555519104,0,FCAP,2035
2001-07-23,5.1171555519104,5.1171555519104,5.1171555519104,5.1171555519104,0,FCAP,2035
2001-07-24,5.1171555519104,5.1171555519104,5.1171555519104,5.1171555519104,0,FCAP,2035
2001-07-25,5.1171555519104,5.1171555519104,5.1171555519104,5.1171555519104,0,FCAP,2035
2001-07-26,5.1171555519104,5.1171555519104,5.1171555519104,5.1171555519104,0,FCAP,2035
2001-07-27,5.1171555519104,5.1171555519104,5.1171555519104,5.1171555519104,0,FCAP,2035
2001-07-30,5.364759922027588,5.364759922027588,5.364759922027588,5.364759922027588,880,FCAP,2035
2001-07-31,5.364759922027588,5.364759922027588,5.364759922027588,5.364759922027588,0,FCAP,2035
2001-08-01,5.364759922027588,5.364759922027588,5.364759922027588,5.364759922027588,0,FCAP,2035
2001-08-02,5.364759922027588,5.364759922027588,5.364759922027588,5.364759922027588,0,FCAP,2035
2001-08-03,5.364759922027588,5.364759922027588,5.364759922027588,5.364759922027588,1760,FCAP,2035
2001-08-06,5.571097373962402,5.571097373962402,5.364760626591411,5.364760626591411,2090,FCAP,2035
2001-08-07,5.571097373962402,5.571097373962402,5.571097373962402,5.571097373962402,0,FCAP,2035
2001-08-08,5.571097373962402,5.571097373962402,5.571097373962402,5.571097373962402,0,FCAP,2035
2001-08-09,5.571097373962402,5.571097373962402,5.571097373962402,5.571097373962402,0,FCAP,2035
2001-08-10,5.571097373962402,5.571097373962402,5.571097373962402,5.571097373962402,220,FCAP,2035
2001-08-13,5.571097373962402,5.571097373962402,5.571097373962402,5.571097373962402,550,FCAP,2035
2001-08-14,5.571097373962402,5.571097373962402,5.571097373962402,5.571097373962402,0,FCAP,2035
2001-08-15,5.571097373962402,5.571097373962402,5.571097373962402,5.571097373962402,0,FCAP,2035
2001-08-16,5.571097373962402,5.571097373962402,5.571097373962402,5.571097373962402,0,FCAP,2035
2001-08-17,5.571097373962402,5.571097373962402,5.571097373962402,5.571097373962402,0,FCAP,2035
2001-08-20,6.086939334869385,6.086939334869385,5.777434025673197,5.777434025673197,2530,FCAP,2035
2001-08-21,6.086939334869385,6.086939334869385,6.086939334869385,6.086939334869385,0,FCAP,2035
2001-08-22,5.571097373962402,5.571097373962402,5.571097373962402,5.571097373962402,110,FCAP,2035
2001-08-23,5.571097373962402,5.571097373962402,5.571097373962402,5.571097373962402,0,FCAP,2035
2001-08-24,5.571097373962402,5.571097373962402,5.571097373962402,5.571097373962402,0,FCAP,2035
2001-08-27,5.571097373962402,5.571097373962402,5.571097373962402,5.571097373962402,0,FCAP,2035
2001-08-28,5.571097373962402,5.571097373962402,5.571097373962402,5.571097373962402,0,FCAP,2035
2001-08-29,5.571097373962402,5.571097373962402,5.571097373962402,5.571097373962402,0,FCAP,2035
2001-08-30,5.571097373962402,5.571097373962402,5.571097373962402,5.571097373962402,0,FCAP,2035
2001-08-31,5.571097373962402,5.571097373962402,5.571097373962402,5.571097373962402,0,FCAP,2035
2001-09-04,5.571097373962402,5.571097373962402,5.571097373962402,5.571097373962402,0,FCAP,2035
2001-09-05,5.571097373962402,5.571097373962402,5.571097373962402,5.571097373962402,0,FCAP,2035
2001-09-06,5.571097373962402,5.571097373962402,5.571097373962402,5.571097373962402,0,FCAP,2035
2001-09-07,5.571097373962402,5.571097373962402,5.571097373962402,5.571097373962402,0,FCAP,2035
2001-09-10,5.571097373962402,5.571097373962402,5.571097373962402,5.571097373962402,0,FCAP,2035
2001-09-17,5.571097373962402,5.571097373962402,5.571097373962402,5.571097373962402,220,FCAP,2035
2001-09-18,5.571097373962402,5.571097373962402,5.571097373962402,5.571097373962402,1100,FCAP,2035
2001-09-19,5.571097373962402,5.571097373962402,5.571097373962402,5.571097373962402,0,FCAP,2035
2001-09-20,5.571097373962402,5.571097373962402,5.571097373962402,5.571097373962402,0,FCAP,2035
2001-09-21,5.7774338722229,5.7774338722229,5.7774338722229,5.7774338722229,110,FCAP,2035
2001-09-24,5.7774338722229,5.7774338722229,5.7774338722229,5.7774338722229,0,FCAP,2035
2001-09-25,5.7774338722229,5.7774338722229,5.282225304079462,5.364759993284687,2750,FCAP,2035
2001-09-26,5.7774338722229,5.7774338722229,5.7774338722229,5.7774338722229,0,FCAP,2035
2001-09-27,5.571097373962402,5.571097373962402,5.571097373962402,5.571097373962402,330,FCAP,2035
2001-09-28,5.571097373962402,5.571097373962402,5.571097373962402,5.571097373962402,0,FCAP,2035
2001-10-01,5.571097373962402,5.571097373962402,5.571097373962402,5.571097373962402,0,FCAP,2035
2001-10-02,5.571097373962402,5.571097373962402,5.571097373962402,5.571097373962402,0,FCAP,2035
2001-10-03,5.571097373962402,5.571097373962402,5.571097373962402,5.571097373962402,0,FCAP,2035
2001-10-04,5.571097373962402,5.571097373962402,5.571097373962402,5.571097373962402,0,FCAP,2035
2001-10-05,5.571097373962402,5.571097373962402,5.571097373962402,5.571097373962402,1100,FCAP,2035
2001-10-08,5.571097373962402,5.571097373962402,5.571097373962402,5.571097373962402,0,FCAP,2035
2001-10-09,5.571097373962402,5.571097373962402,5.571097373962402,5.571097373962402,0,FCAP,2035
2001-10-10,5.7774338722229,5.7774338722229,5.6742652942603256,5.6742652942603256,550,FCAP,2035
2001-10-11,5.7774338722229,5.7774338722229,5.7774338722229,5.7774338722229,0,FCAP,2035
2001-10-12,5.7774338722229,5.7774338722229,5.7774338722229,5.7774338722229,0,FCAP,2035
2001-10-15,5.385392665863037,5.467927775976206,5.385392665863037,5.467927775976206,1650,FCAP,2035
2001-10-16,5.385392665863037,5.385392665863037,5.385392665863037,5.385392665863037,0,FCAP,2035
2001-10-17,5.385392665863037,5.385392665863037,5.385392665863037,5.385392665863037,0,FCAP,2035
2001-10-18,5.385392665863037,5.385392665863037,5.385392665863037,5.385392665863037,0,FCAP,2035
2001-10-19,5.571097373962402,5.571097373962402,5.571097373962402,5.571097373962402,1540,FCAP,2035
2001-10-22,5.571097373962402,5.571097373962402,5.571097373962402,5.571097373962402,110,FCAP,2035
2001-10-23,5.571097373962402,5.571097373962402,5.571097373962402,5.571097373962402,0,FCAP,2035
2001-10-24,5.571097373962402,5.571097373962402,5.571097373962402,5.571097373962402,0,FCAP,2035
2001-10-25,5.571097373962402,5.571097373962402,5.571097373962402,5.571097373962402,0,FCAP,2035
2001-10-26,5.571097373962402,5.571097373962402,5.571097373962402,5.571097373962402,0,FCAP,2035
2001-10-29,5.571097373962402,5.571097373962402,5.571097373962402,5.571097373962402,0,FCAP,2035
2001-10-30,5.467928409576416,5.467928409576416,5.467928409576416,5.467928409576416,220,FCAP,2035
2001-10-31,5.467928409576416,5.467928409576416,5.467928409576416,5.467928409576416,0,FCAP,2035
2001-11-01,5.467928409576416,5.467928409576416,5.467928409576416,5.467928409576416,0,FCAP,2035
2001-11-02,5.406027317047119,5.406027317047119,5.406027317047119,5.406027317047119,110,FCAP,2035
2001-11-05,5.406027317047119,5.406027317047119,5.406027317047119,5.406027317047119,0,FCAP,2035
2001-11-06,5.406027317047119,5.406027317047119,5.406027317047119,5.406027317047119,0,FCAP,2035
2001-11-07,5.406027317047119,5.406027317047119,5.406027317047119,5.406027317047119,0,FCAP,2035
2001-11-08,5.406027317047119,5.406027317047119,5.406027317047119,5.406027317047119,0,FCAP,2035
2001-11-09,5.406027317047119,5.406027317047119,5.406027317047119,5.406027317047119,0,FCAP,2035
2001-11-12,5.406027317047119,5.406027317047119,5.406027317047119,5.406027317047119,0,FCAP,2035
2001-11-13,5.406027317047119,5.406027317047119,5.406027317047119,5.406027317047119,0,FCAP,2035
2001-11-14,5.7774338722229,5.7774338722229,5.7774338722229,5.7774338722229,220,FCAP,2035
2001-11-15,5.7774338722229,5.7774338722229,5.7774338722229,5.7774338722229,0,FCAP,2035
2001-11-16,5.7774338722229,5.7774338722229,5.7774338722229,5.7774338722229,0,FCAP,2035
2001-11-19,5.7774338722229,5.7774338722229,5.7774338722229,5.7774338722229,0,FCAP,2035
2001-11-20,5.7774338722229,5.7774338722229,5.7774338722229,5.7774338722229,0,FCAP,2035
2001-11-21,5.7774338722229,5.7774338722229,5.7774338722229,5.7774338722229,330,FCAP,2035
2001-11-23,5.571097373962402,5.571097373962402,5.571097373962402,5.571097373962402,550,FCAP,2035
2001-11-26,5.571097373962402,5.571097373962402,5.571097373962402,5.571097373962402,220,FCAP,2035
2001-11-27,5.571097373962402,5.571097373962402,5.571097373962402,5.571097373962402,0,FCAP,2035
2001-11-28,5.571097373962402,5.571097373962402,5.571097373962402,5.571097373962402,0,FCAP,2035
2001-11-29,5.410154819488525,5.467929107599294,5.410154819488525,5.467929107599294,2200,FCAP,2035
2001-11-30,5.410154819488525,5.410154819488525,5.410154819488525,5.410154819488525,0,FCAP,2035
2001-12-03,5.410154819488525,5.410154819488525,5.410154819488525,5.410154819488525,0,FCAP,2035
2001-12-04,5.571097373962402,5.983771301616522,5.571097373962402,5.983771301616522,660,FCAP,2035
2001-12-05,5.571097373962402,5.571097373962402,5.571097373962402,5.571097373962402,0,FCAP,2035
2001-12-06,5.571097373962402,5.571097373962402,5.571097373962402,5.571097373962402,0,FCAP,2035
2001-12-07,5.571097373962402,5.571097373962402,5.571097373962402,5.571097373962402,0,FCAP,2035
2001-12-10,5.571097373962402,5.571097373962402,5.571097373962402,5.571097373962402,0,FCAP,2035
2001-12-11,5.575222969055176,5.575222969055176,5.575222969055176,5.575222969055176,550,FCAP,2035
2001-12-12,5.875235557556152,5.875235557556152,5.833567260570202,5.833567260570202,220,FCAP,2035
2001-12-13,5.875235557556152,5.875235557556152,5.875235557556152,5.875235557556152,110,FCAP,2035
2001-12-14,5.875235557556152,5.875235557556152,5.875235557556152,5.875235557556152,0,FCAP,2035
2001-12-17,5.875235557556152,5.875235557556152,5.875235557556152,5.875235557556152,0,FCAP,2035
2001-12-18,5.833565711975098,5.833565711975098,5.833565711975098,5.833565711975098,660,FCAP,2035
2001-12-19,5.875235557556152,5.875235557556152,5.875235557556152,5.875235557556152,220,FCAP,2035
2001-12-20,5.958570957183838,5.958570957183838,5.958570957183838,5.958570957183838,110,FCAP,2035
2001-12-21,5.958570957183838,5.958570957183838,5.958570957183838,5.958570957183838,0,FCAP,2035
2001-12-24,5.8544020652771,5.8544020652771,5.8544020652771,5.8544020652771,110,FCAP,2035
2001-12-26,5.958570957183838,5.958570957183838,5.958570957183838,5.958570957183838,110,FCAP,2035
2001-12-27,5.958570957183838,5.958570957183838,5.958570957183838,5.958570957183838,0,FCAP,2035
2001-12-28,6.000241279602051,6.000241279602051,5.958572976844661,5.958572976844661,660,FCAP,2035
2001-12-31,6.000241279602051,6.000241279602051,6.000241279602051,6.000241279602051,0,FCAP,2035
2002-01-02,6.000241279602051,6.000241279602051,6.000241279602051,6.000241279602051,0,FCAP,2035
2002-01-03,6.041907787322998,6.041907787322998,6.041907787322998,6.041907787322998,330,FCAP,2035
2002-01-04,5.937737464904785,6.041908420322266,5.937737464904785,6.041908420322266,1320,FCAP,2035
2002-01-07,6.041907787322998,6.041907787322998,6.041907787322998,6.041907787322998,770,FCAP,2035
2002-01-08,6.041907787322998,6.041907787322998,6.041907787322998,6.041907787322998,0,FCAP,2035
2002-01-09,6.041907787322998,6.041907787322998,6.041907787322998,6.041907787322998,660,FCAP,2035
2002-01-10,6.041907787322998,6.041907787322998,6.041907787322998,6.041907787322998,0,FCAP,2035
2002-01-11,6.041907787322998,6.041907787322998,6.041907787322998,6.041907787322998,0,FCAP,2035
2002-01-14,6.041907787322998,6.041907787322998,6.041907787322998,6.041907787322998,0,FCAP,2035
2002-01-15,5.896071910858154,5.896071910858154,5.896071910858154,5.896071910858154,330,FCAP,2035
2002-01-16,5.896071910858154,5.896071910858154,5.896071910858154,5.896071910858154,0,FCAP,2035
2002-01-17,6.021075248718262,6.021075248718262,5.854401611665823,5.854401611665823,1320,FCAP,2035
2002-01-18,6.021075248718262,6.021075248718262,6.021075248718262,6.021075248718262,0,FCAP,2035
2002-01-22,5.937737464904785,5.937737464904785,5.937737464904785,5.937737464904785,220,FCAP,2035
2002-01-23,5.875235557556152,5.875235557556152,5.875235557556152,5.875235557556152,110,FCAP,2035
2002-01-24,5.875235557556152,5.875235557556152,5.875235557556152,5.875235557556152,440,FCAP,2035
2002-01-25,5.875235557556152,5.875235557556152,5.875235557556152,5.875235557556152,0,FCAP,2035
2002-01-28,5.937737464904785,5.937737464904785,5.875235241348877,5.875235241348877,1870,FCAP,2035
2002-01-29,5.875235557556152,5.937737784475953,5.875235557556152,5.937737784475953,4290,FCAP,2035
2002-01-30,5.875235557556152,5.875235557556152,5.875235557556152,5.875235557556152,0,FCAP,2035
2002-01-31,5.875235557556152,5.875235557556152,5.875235557556152,5.875235557556152,0,FCAP,2035
2002-02-01,5.875235557556152,5.875235557556152,5.875235557556152,5.875235557556152,0,FCAP,2035
2002-02-04,5.875235557556152,5.875235557556152,5.875235557556152,5.875235557556152,0,FCAP,2035
2002-02-05,5.875235557556152,5.875235557556152,5.875235557556152,5.875235557556152,0,FCAP,2035
2002-02-06,5.875235557556152,5.875235557556152,5.875235557556152,5.875235557556152,0,FCAP,2035
2002-02-07,5.875235557556152,5.875235557556152,5.875235557556152,5.875235557556152,0,FCAP,2035
2002-02-08,5.875235557556152,5.875235557556152,5.875235557556152,5.875235557556152,0,FCAP,2035
2002-02-11,5.937737464904785,5.937737464904785,5.937737464904785,5.937737464904785,1100,FCAP,2035
2002-02-12,6.041907787322998,6.041907787322998,6.041907787322998,6.041907787322998,220,FCAP,2035
2002-02-13,6.041907787322998,6.041907787322998,6.041907787322998,6.041907787322998,0,FCAP,2035
2002-02-14,6.041907787322998,6.041907787322998,6.041907787322998,6.041907787322998,330,FCAP,2035
2002-02-15,5.937737464904785,5.937737464904785,5.937737464904785,5.937737464904785,110,FCAP,2035
2002-02-19,5.937737464904785,5.937737464904785,5.937737464904785,5.937737464904785,440,FCAP,2035
2002-02-20,6.062743663787842,6.062743663787842,6.062743663787842,6.062743663787842,110,FCAP,2035
2002-02-21,5.937737464904785,5.937737464904785,5.937737464904785,5.937737464904785,1540,FCAP,2035
2002-02-22,5.937737464904785,5.937737464904785,5.937737464904785,5.937737464904785,7920,FCAP,2035
2002-02-25,5.937737464904785,6.041908420322266,5.937737464904785,6.041908420322266,990,FCAP,2035
2002-02-26,5.937737464904785,5.937737464904785,5.937737464904785,5.937737464904785,660,FCAP,2035
2002-02-27,5.937737464904785,5.937737464904785,5.937737464904785,5.937737464904785,0,FCAP,2035
2002-02-28,5.937737464904785,5.937737464904785,5.937737464904785,5.937737464904785,0,FCAP,2035
2002-03-01,5.937737464904785,5.937737464904785,5.937737464904785,5.937737464904785,0,FCAP,2035
2002-03-04,5.937737464904785,5.937737464904785,5.937737464904785,5.937737464904785,0,FCAP,2035
2002-03-05,5.937737464904785,5.937737464904785,5.937737464904785,5.937737464904785,0,FCAP,2035
2002-03-06,5.937737464904785,5.937737464904785,5.937737464904785,5.937737464904785,0,FCAP,2035
2002-03-07,6.062743663787842,6.062743663787842,6.05441000363294,6.05441000363294,330,FCAP,2035
2002-03-08,6.104410171508789,6.104410171508789,6.0919094663891356,6.104410171508789,550,FCAP,2035
2002-03-11,6.104410171508789,6.104410171508789,6.104410171508789,6.104410171508789,0,FCAP,2035
2002-03-12,6.104410171508789,6.104410171508789,6.104410171508789,6.104410171508789,0,FCAP,2035
2002-03-13,6.104410171508789,6.104410171508789,6.104410171508789,6.104410171508789,0,FCAP,2035
2002-03-14,6.104410171508789,6.104410171508789,6.104410171508789,6.104410171508789,0,FCAP,2035
2002-03-15,6.390294075012207,6.390294075012207,6.390294075012207,6.390294075012207,110,FCAP,2035
2002-03-18,6.390294075012207,6.390294075012207,6.390294075012207,6.390294075012207,0,FCAP,2035
2002-03-19,6.390294075012207,6.390294075012207,6.390294075012207,6.390294075012207,0,FCAP,2035
2002-03-20,6.390294075012207,6.390294075012207,6.390294075012207,6.390294075012207,0,FCAP,2035
2002-03-21,6.390294075012207,6.390294075012207,6.390294075012207,6.390294075012207,0,FCAP,2035
2002-03-22,6.390294075012207,6.390294075012207,6.390294075012207,6.390294075012207,0,FCAP,2035
2002-03-25,6.390294075012207,6.390294075012207,6.390294075012207,6.390294075012207,0,FCAP,2035
2002-03-26,6.390294075012207,6.390294075012207,6.390294075012207,6.390294075012207,0,FCAP,2035
2002-03-27,6.306210517883301,6.306210517883301,6.306210517883301,6.306210517883301,1100,FCAP,2035
2002-03-28,6.306210517883301,6.306210517883301,6.306210517883301,6.306210517883301,0,FCAP,2035
2002-04-01,6.516418933868408,6.516418933868408,6.516418933868408,6.516418933868408,220,FCAP,2035
2002-04-02,6.516418933868408,6.516418933868408,6.516418933868408,6.516418933868408,0,FCAP,2035
2002-04-03,6.516418933868408,6.516418933868408,6.516418933868408,6.516418933868408,0,FCAP,2035
2002-04-04,6.516418933868408,6.516418933868408,6.516418933868408,6.516418933868408,0,FCAP,2035
2002-04-05,6.516418933868408,6.516418933868408,6.516418933868408,6.516418933868408,0,FCAP,2035
2002-04-08,6.516418933868408,6.516418933868408,6.516418933868408,6.516418933868408,0,FCAP,2035
2002-04-09,6.726624965667725,6.726624965667725,6.516417701192418,6.663562698118755,1430,FCAP,2035
2002-04-10,6.726624965667725,6.726624965667725,6.726624965667725,6.726624965667725,0,FCAP,2035
2002-04-11,6.768666744232178,6.768666744232178,6.768666744232178,6.768666744232178,110,FCAP,2035
2002-04-12,6.726624965667725,6.726624965667725,6.726624965667725,6.726624965667725,330,FCAP,2035
2002-04-15,6.777072429656982,6.777072429656982,6.777072429656982,6.777072429656982,110,FCAP,2035
2002-04-16,6.777072429656982,6.777072429656982,6.777072429656982,6.777072429656982,0,FCAP,2035
2002-04-17,6.777072429656982,6.777072429656982,6.777072429656982,6.777072429656982,0,FCAP,2035
2002-04-18,7.020913124084473,7.020913124084473,7.020913124084473,7.020913124084473,110,FCAP,2035
2002-04-19,7.020913124084473,7.020913124084473,7.020913124084473,7.020913124084473,0,FCAP,2035
2002-04-22,6.819117069244385,6.831729260171867,6.819117069244385,6.831729260171867,990,FCAP,2035
2002-04-23,6.621518611907959,6.629926881389799,6.621518611907959,6.629926881389799,660,FCAP,2035
2002-04-24,6.726624965667725,6.726624965667725,6.726624965667725,6.726624965667725,1210,FCAP,2035
2002-04-25,6.726624965667725,6.726624965667725,6.726624965667725,6.726624965667725,0,FCAP,2035
2002-04-26,6.726624965667725,6.726624965667725,6.726624965667725,6.726624965667725,0,FCAP,2035
2002-04-29,6.894791126251221,6.894791126251221,6.894791126251221,6.894791126251221,440,FCAP,2035
2002-04-30,6.894791126251221,6.894791126251221,6.894791126251221,6.894791126251221,0,FCAP,2035
2002-05-01,6.894791126251221,6.894791126251221,6.894791126251221,6.894791126251221,0,FCAP,2035
2002-05-02,6.894791126251221,6.894791126251221,6.894791126251221,6.894791126251221,0,FCAP,2035
2002-05-03,6.894791126251221,6.894791126251221,6.894791126251221,6.894791126251221,0,FCAP,2035
2002-05-06,6.894791126251221,6.894791126251221,6.894791126251221,6.894791126251221,0,FCAP,2035
2002-05-07,7.020913124084473,7.147037193101373,7.020913124084473,7.020913124084473,990,FCAP,2035
2002-05-08,7.020913124084473,7.020913124084473,7.020913124084473,7.020913124084473,0,FCAP,2035
2002-05-09,7.020913124084473,7.020913124084473,7.020913124084473,7.020913124084473,0,FCAP,2035
2002-05-10,7.020913124084473,7.020913124084473,7.020913124084473,7.020913124084473,0,FCAP,2035
2002-05-13,7.020913124084473,7.020913124084473,7.020913124084473,7.020913124084473,0,FCAP,2035
2002-05-14,6.558459758758545,6.726625676311286,6.558459758758545,6.726625676311286,1210,FCAP,2035
2002-05-15,6.558459758758545,6.558459758758545,6.558459758758545,6.558459758758545,0,FCAP,2035
2002-05-16,6.726624965667725,6.726624965667725,6.726624965667725,6.726624965667725,660,FCAP,2035
2002-05-17,6.726624965667725,6.726624965667725,6.726624965667725,6.726624965667725,0,FCAP,2035
2002-05-20,6.726624965667725,6.726624965667725,6.726624965667725,6.726624965667725,0,FCAP,2035
2002-05-21,6.726624965667725,6.726624965667725,6.718216692729987,6.726624965667725,11440,FCAP,2035
2002-05-22,6.726624965667725,6.726624965667725,6.726624965667725,6.726624965667725,220,FCAP,2035
2002-05-23,6.726624965667725,6.726624965667725,6.726624965667725,6.726624965667725,0,FCAP,2035
2002-05-24,6.726624965667725,6.726624965667725,6.726624965667725,6.726624965667725,0,FCAP,2035
2002-05-28,6.726624965667725,6.726624965667725,6.726624965667725,6.726624965667725,550,FCAP,2035
2002-05-29,6.936833381652832,6.936833381652832,6.936833381652832,6.936833381652832,110,FCAP,2035
2002-05-30,6.726624965667725,6.726624965667725,6.726624965667725,6.726624965667725,2750,FCAP,2035
2002-05-31,6.726624965667725,6.726624965667725,6.726624965667725,6.726624965667725,550,FCAP,2035
2002-06-03,6.726624965667725,6.726624965667725,6.726624965667725,6.726624965667725,0,FCAP,2035
2002-06-04,6.831729412078857,6.831729412078857,6.831729412078857,6.831729412078857,2310,FCAP,2035
2002-06-05,6.831729412078857,6.831729412078857,6.831729412078857,6.831729412078857,0,FCAP,2035
2002-06-06,6.831729412078857,6.831729412078857,6.831729412078857,6.831729412078857,0,FCAP,2035
2002-06-07,6.831729412078857,6.831729412078857,6.831729412078857,6.831729412078857,0,FCAP,2035
2002-06-10,6.831729412078857,6.831729412078857,6.831729412078857,6.831729412078857,1320,FCAP,2035
2002-06-11,6.726624965667725,6.726624965667725,6.726624965667725,6.726624965667725,110,FCAP,2035
2002-06-12,6.726624965667725,6.726624965667725,6.726624965667725,6.726624965667725,0,FCAP,2035
2002-06-13,6.726624965667725,6.726624965667725,6.726624965667725,6.726624965667725,0,FCAP,2035
2002-06-14,6.781726360321045,6.781726360321045,6.781726360321045,6.781726360321045,1100,FCAP,2035
2002-06-17,6.781726360321045,6.781726360321045,6.781726360321045,6.781726360321045,0,FCAP,2035
2002-06-18,6.887691974639893,6.887691974639893,6.887691974639893,6.887691974639893,220,FCAP,2035
2002-06-19,6.781726360321045,6.781726360321045,6.781726360321045,6.781726360321045,5390,FCAP,2035
2002-06-20,6.675762176513672,6.781726775489428,6.400254574892422,6.781726775489428,10230,FCAP,2035
2002-06-21,6.993652820587158,6.993652820587158,6.993652820587158,6.993652820587158,550,FCAP,2035
2002-06-24,6.993652820587158,6.993652820587158,6.993652820587158,6.993652820587158,0,FCAP,2035
2002-06-25,6.993652820587158,6.993652820587158,6.993652820587158,6.993652820587158,0,FCAP,2035
2002-06-26,6.993652820587158,6.993652820587158,6.993652820587158,6.993652820587158,0,FCAP,2035
2002-06-27,6.993652820587158,6.993652820587158,6.993652820587158,6.993652820587158,0,FCAP,2035
2002-06-28,6.993652820587158,6.993652820587158,6.993652820587158,6.993652820587158,0,FCAP,2035
2002-07-01,6.993652820587158,6.993652820587158,6.993652820587158,6.993652820587158,0,FCAP,2035
2002-07-02,6.993652820587158,6.993652820587158,6.993652820587158,6.993652820587158,0,FCAP,2035
2002-07-03,6.993652820587158,6.993652820587158,6.993652820587158,6.993652820587158,0,FCAP,2035
2002-07-05,6.993652820587158,6.993652820587158,6.993652820587158,6.993652820587158,0,FCAP,2035
2002-07-08,6.993652820587158,6.993652820587158,6.993652820587158,6.993652820587158,0,FCAP,2035
2002-07-09,6.675762176513672,6.993655528796296,6.675762176513672,6.993655528796296,660,FCAP,2035
2002-07-10,6.675762176513672,6.675762176513672,6.675762176513672,6.675762176513672,0,FCAP,2035
2002-07-11,6.675762176513672,6.675762176513672,6.675762176513672,6.675762176513672,0,FCAP,2035
2002-07-12,6.675762176513672,6.675762176513672,6.675762176513672,6.675762176513672,0,FCAP,2035
2002-07-15,6.781726360321045,6.781726360321045,6.781726360321045,6.781726360321045,3960,FCAP,2035
2002-07-16,6.781726360321045,6.781726360321045,6.781726360321045,6.781726360321045,0,FCAP,2035
2002-07-17,6.781726360321045,6.781726360321045,6.781726360321045,6.781726360321045,0,FCAP,2035
2002-07-18,6.887691974639893,6.887691974639893,6.887691974639893,6.887691974639893,110,FCAP,2035
2002-07-19,6.887691974639893,6.887691974639893,6.887691974639893,6.887691974639893,0,FCAP,2035
2002-07-22,6.887691974639893,6.887691974639893,6.887691974639893,6.887691974639893,550,FCAP,2035
2002-07-23,6.849545001983643,6.849545001983643,6.8453062039605985,6.8453062039605985,880,FCAP,2035
2002-07-24,6.849545001983643,6.849545001983643,6.849545001983643,6.849545001983643,0,FCAP,2035
2002-07-25,6.849545001983643,6.849545001983643,6.849545001983643,6.849545001983643,0,FCAP,2035
2002-07-26,6.849545001983643,6.849545001983643,6.849545001983643,6.849545001983643,0,FCAP,2035
2002-07-29,6.781726360321045,6.824112108387618,6.781726360321045,6.824112108387618,1980,FCAP,2035
2002-07-30,6.887691974639893,6.887691974639893,6.752057551948612,6.781727804234685,3520,FCAP,2035
2002-07-31,6.887691974639893,6.887691974639893,6.887691974639893,6.887691974639893,0,FCAP,2035
2002-08-01,6.887691974639893,6.887691974639893,6.887691974639893,6.887691974639893,0,FCAP,2035
2002-08-02,6.887691974639893,6.887691974639893,6.887691974639893,6.887691974639893,0,FCAP,2035
2002-08-05,6.993652820587158,6.993652820587158,6.993652820587158,6.993652820587158,440,FCAP,2035
2002-08-06,7.417511463165283,7.417511463165283,7.099618197320754,7.099618197320754,770,FCAP,2035
2002-08-07,7.2055840492248535,7.2055840492248535,6.5613202153493875,6.5697973652076875,1870,FCAP,2035
2002-08-08,7.2055840492248535,7.2055840492248535,7.2055840492248535,7.2055840492248535,0,FCAP,2035
2002-08-09,7.2055840492248535,7.2055840492248535,7.2055840492248535,7.2055840492248535,0,FCAP,2035
2002-08-12,7.2055840492248535,7.2055840492248535,7.2055840492248535,7.2055840492248535,0,FCAP,2035
2002-08-13,7.2055840492248535,7.2055840492248535,7.2055840492248535,7.2055840492248535,660,FCAP,2035
2002-08-14,7.2055840492248535,7.2055840492248535,7.2055840492248535,7.2055840492248535,0,FCAP,2035
2002-08-15,7.2055840492248535,7.2055840492248535,7.2055840492248535,7.2055840492248535,0,FCAP,2035
2002-08-16,7.2055840492248535,7.2055840492248535,7.2055840492248535,7.2055840492248535,0,FCAP,2035
2002-08-19,7.2055840492248535,7.2055840492248535,7.2055840492248535,7.2055840492248535,0,FCAP,2035
2002-08-20,7.2055840492248535,7.2055840492248535,7.2055840492248535,7.2055840492248535,0,FCAP,2035
2002-08-21,7.2055840492248535,7.2055840492248535,7.2055840492248535,7.2055840492248535,0,FCAP,2035
2002-08-22,7.2055840492248535,7.218299996334618,7.2055840492248535,7.218299996334618,330,FCAP,2035
2002-08-23,7.2055840492248535,7.2055840492248535,7.2055840492248535,7.2055840492248535,0,FCAP,2035
2002-08-26,7.2055840492248535,7.2055840492248535,7.2055840492248535,7.2055840492248535,0,FCAP,2035
2002-08-27,7.2055840492248535,7.2055840492248535,7.2055840492248535,7.2055840492248535,0,FCAP,2035
2002-08-28,7.2055840492248535,7.2055840492248535,7.2055840492248535,7.2055840492248535,0,FCAP,2035
2002-08-29,7.2055840492248535,7.2055840492248535,7.2055840492248535,7.2055840492248535,0,FCAP,2035
2002-08-30,7.2055840492248535,7.2055840492248535,7.2055840492248535,7.2055840492248535,0,FCAP,2035
2002-09-03,7.438703536987305,7.438703536987305,7.438703536987305,7.438703536987305,330,FCAP,2035
2002-09-04,7.438703536987305,7.438703536987305,7.438703536987305,7.438703536987305,0,FCAP,2035
2002-09-05,7.438703536987305,7.438703536987305,7.438703536987305,7.438703536987305,0,FCAP,2035
2002-09-06,7.629441261291504,7.629441261291504,7.629441261291504,7.629441261291504,110,FCAP,2035
2002-09-09,7.629441261291504,7.629441261291504,7.629441261291504,7.629441261291504,0,FCAP,2035
2002-09-10,7.629441261291504,7.629441261291504,7.629441261291504,7.629441261291504,0,FCAP,2035
2002-09-11,7.841369152069092,7.841369152069092,7.841369152069092,7.841369152069092,330,FCAP,2035
2002-09-12,7.896862983703613,7.896862983703613,7.896862983703613,7.896862983703613,550,FCAP,2035
2002-09-13,7.896862983703613,7.896862983703613,7.896862983703613,7.896862983703613,330,FCAP,2035
2002-09-16,7.896862983703613,7.896862983703613,7.896862983703613,7.896862983703613,0,FCAP,2035
2002-09-17,7.896862983703613,8.135902930076638,7.896862983703613,8.110291059459666,2310,FCAP,2035
2002-09-18,7.896862983703613,7.896862983703613,7.896862983703613,7.896862983703613,0,FCAP,2035
2002-09-19,7.896862983703613,7.896862983703613,7.896862983703613,7.896862983703613,0,FCAP,2035
2002-09-20,8.1102876663208,8.1102876663208,8.1102876663208,8.1102876663208,1100,FCAP,2035
2002-09-23,7.896862983703613,8.00357791716422,7.896862983703613,8.00357791716422,330,FCAP,2035
2002-09-24,8.1102876663208,8.1102876663208,8.1102876663208,8.1102876663208,220,FCAP,2035
2002-09-25,8.1102876663208,8.1102876663208,8.1102876663208,8.1102876663208,0,FCAP,2035
2002-09-26,8.106022834777832,8.110291181417319,8.106022834777832,8.110291181417319,2200,FCAP,2035
2002-09-27,8.106022834777832,8.106022834777832,8.106022834777832,8.106022834777832,0,FCAP,2035
2002-09-30,8.1102876663208,8.1102876663208,8.1102876663208,8.1102876663208,550,FCAP,2035
2002-10-01,8.323720932006836,8.323720932006836,8.10602271836318,8.10602271836318,1320,FCAP,2035
2002-10-02,8.323720932006836,8.323720932006836,8.323720932006836,8.323720932006836,0,FCAP,2035
2002-10-03,8.00357437133789,8.00357437133789,8.00357437133789,8.00357437133789,440,FCAP,2035
2002-10-04,8.00357437133789,8.00357437133789,8.00357437133789,8.00357437133789,0,FCAP,2035
2002-10-07,7.363289833068848,8.003576645338587,7.363289833068848,8.003576645338587,1650,FCAP,2035
2002-10-08,7.363289833068848,7.363289833068848,7.363289833068848,7.363289833068848,0,FCAP,2035
2002-10-09,7.363289833068848,7.363289833068848,7.363289833068848,7.363289833068848,0,FCAP,2035
2002-10-10,7.363289833068848,7.363289833068848,7.363289833068848,7.363289833068848,0,FCAP,2035
2002-10-11,7.470005512237549,7.790148074666627,7.470005512237549,7.790148074666627,990,FCAP,2035
2002-10-14,7.790144443511963,7.790144443511963,7.790144443511963,7.790144443511963,110,FCAP,2035
2002-10-15,7.512690544128418,7.512690544128418,7.512690544128418,7.512690544128418,990,FCAP,2035
2002-10-16,7.679164409637451,7.6834327555145405,7.679164409637451,7.6834327555145405,1650,FCAP,2035
2002-10-17,7.679164409637451,7.679164409637451,7.679164409637451,7.679164409637451,0,FCAP,2035
2002-10-18,7.598062515258789,7.598062515258789,7.598062515258789,7.598062515258789,110,FCAP,2035
2002-10-21,7.598062515258789,7.598062515258789,7.598062515258789,7.598062515258789,0,FCAP,2035
2002-10-22,7.598062515258789,7.598062515258789,7.598062515258789,7.598062515258789,0,FCAP,2035
2002-10-23,7.598062515258789,7.598062515258789,7.598062515258789,7.598062515258789,0,FCAP,2035
2002-10-24,7.598062515258789,7.598062515258789,7.598062515258789,7.598062515258789,0,FCAP,2035
2002-10-25,7.598062515258789,7.598062515258789,7.598062515258789,7.598062515258789,0,FCAP,2035
2002-10-28,7.598062515258789,7.598062515258789,7.598062515258789,7.598062515258789,0,FCAP,2035
2002-10-29,7.598062515258789,7.598062515258789,7.598062515258789,7.598062515258789,0,FCAP,2035
2002-10-30,7.598062515258789,7.598062515258789,7.598062515258789,7.598062515258789,0,FCAP,2035
2002-10-31,7.640748023986816,7.683434177404469,7.640748023986816,7.683434177404469,770,FCAP,2035
2002-11-01,7.640748023986816,7.640748023986816,7.640748023986816,7.640748023986816,0,FCAP,2035
2002-11-04,7.640748023986816,7.640748023986816,7.640748023986816,7.640748023986816,0,FCAP,2035
2002-11-05,7.640748023986816,7.640748023986816,7.640748023986816,7.640748023986816,0,FCAP,2035
2002-11-06,7.640748023986816,7.640748023986816,7.640748023986816,7.640748023986816,0,FCAP,2035
2002-11-07,7.683435440063477,7.683435440063477,7.683435440063477,7.683435440063477,220,FCAP,2035
2002-11-08,7.683435440063477,7.683435440063477,7.683435440063477,7.683435440063477,0,FCAP,2035
2002-11-11,7.896862983703613,7.896862983703613,7.896862983703613,7.896862983703613,440,FCAP,2035
2002-11-12,7.896862983703613,7.896862983703613,7.896862983703613,7.896862983703613,0,FCAP,2035
2002-11-13,7.896862983703613,7.896862983703613,7.896862983703613,7.896862983703613,0,FCAP,2035
2002-11-14,7.683435440063477,7.683435440063477,7.683435440063477,7.683435440063477,440,FCAP,2035
2002-11-15,7.683435440063477,7.683435440063477,7.683435440063477,7.683435440063477,0,FCAP,2035
2002-11-18,7.683435440063477,7.683435440063477,7.683435440063477,7.683435440063477,0,FCAP,2035
2002-11-19,7.683435440063477,7.683435440063477,7.683435440063477,7.683435440063477,0,FCAP,2035
2002-11-20,7.683435440063477,7.683435440063477,7.683435440063477,7.683435440063477,0,FCAP,2035
2002-11-21,7.683435440063477,7.683435440063477,7.683435440063477,7.683435440063477,0,FCAP,2035
2002-11-22,7.683435440063477,7.683435440063477,7.683435440063477,7.683435440063477,0,FCAP,2035
2002-11-25,8.1102876663208,8.1102876663208,8.1102876663208,8.1102876663208,110,FCAP,2035
2002-11-26,8.1102876663208,8.1102876663208,8.1102876663208,8.1102876663208,0,FCAP,2035
2002-11-27,8.1102876663208,8.1102876663208,8.1102876663208,8.1102876663208,0,FCAP,2035
2002-11-29,8.1102876663208,8.1102876663208,8.1102876663208,8.1102876663208,0,FCAP,2035
2002-12-02,8.1102876663208,8.1102876663208,8.1102876663208,8.1102876663208,990,FCAP,2035
2002-12-03,8.1102876663208,8.1102876663208,8.1102876663208,8.1102876663208,220,FCAP,2035
2002-12-04,8.1102876663208,8.1102876663208,8.1102876663208,8.1102876663208,0,FCAP,2035
2002-12-05,8.1102876663208,8.1102876663208,8.1102876663208,8.1102876663208,0,FCAP,2035
2002-12-06,8.1102876663208,8.1102876663208,8.1102876663208,8.1102876663208,0,FCAP,2035
2002-12-09,8.323720932006836,8.323720932006836,8.323720932006836,8.323720932006836,110,FCAP,2035
2002-12-10,8.323720932006836,8.323720932006836,8.323720932006836,8.323720932006836,0,FCAP,2035
2002-12-11,8.323720932006836,8.323720932006836,8.323720932006836,8.323720932006836,0,FCAP,2035
2002-12-12,8.323723793029785,8.323723793029785,8.323723793029785,8.323723793029785,0,FCAP,2035
2002-12-13,8.590147018432617,8.590147018432617,8.590147018432617,8.590147018432617,550,FCAP,2035
2002-12-16,8.590147018432617,8.590147018432617,8.590147018432617,8.590147018432617,0,FCAP,2035
2002-12-17,8.590147018432617,8.590147018432617,8.590147018432617,8.590147018432617,0,FCAP,2035
2002-12-18,8.594444274902344,8.594444274902344,8.594444274902344,8.594444274902344,110,FCAP,2035
2002-12-19,8.594444274902344,8.594444274902344,8.594444274902344,8.594444274902344,0,FCAP,2035
2002-12-20,8.164719581604004,8.594442186821142,8.164719581604004,8.594442186821142,2420,FCAP,2035
2002-12-23,8.164719581604004,8.164719581604004,8.164719581604004,8.164719581604004,0,FCAP,2035
2002-12-24,8.164719581604004,8.164719581604004,8.164719581604004,8.164719581604004,0,FCAP,2035
2002-12-26,8.564367294311523,8.594448059518013,8.564367294311523,8.594448059518013,440,FCAP,2035
2002-12-27,8.564367294311523,8.564367294311523,8.564367294311523,8.564367294311523,0,FCAP,2035
2002-12-30,8.736248970031738,8.736248970031738,8.736248970031738,8.736248970031738,220,FCAP,2035
2002-12-31,8.736248970031738,8.736248970031738,8.736248970031738,8.736248970031738,0,FCAP,2035
2003-01-02,8.826496124267578,8.826496124267578,8.826496124267578,8.826496124267578,550,FCAP,2035
2003-01-03,8.826496124267578,8.826496124267578,8.826496124267578,8.826496124267578,0,FCAP,2035
2003-01-06,8.826496124267578,8.826496124267578,8.826496124267578,8.826496124267578,0,FCAP,2035
2003-01-07,8.826496124267578,8.826496124267578,8.826496124267578,8.826496124267578,0,FCAP,2035
2003-01-08,8.826496124267578,8.826496124267578,8.826496124267578,8.826496124267578,0,FCAP,2035
2003-01-09,8.826496124267578,8.826496124267578,8.826496124267578,8.826496124267578,0,FCAP,2035
2003-01-10,8.921035766601562,8.921035766601562,8.921035766601562,8.921035766601562,220,FCAP,2035
2003-01-13,8.9296293258667,8.9296293258667,8.9296293258667,8.9296293258667,110,FCAP,2035
2003-01-14,8.9296293258667,8.9296293258667,8.9296293258667,8.9296293258667,0,FCAP,2035
2003-01-15,8.921035766601562,8.921035766601562,8.921035766601562,8.921035766601562,1100,FCAP,2035
2003-01-16,8.830794334411621,8.830794334411621,8.830794334411621,8.830794334411621,330,FCAP,2035
2003-01-17,8.830794334411621,8.830794334411621,8.830794334411621,8.830794334411621,0,FCAP,2035
2003-01-21,9.535541534423828,9.535541534423828,8.95971263481667,8.95971263481667,440,FCAP,2035
2003-01-22,9.535541534423828,9.535541534423828,9.535541534423828,9.535541534423828,0,FCAP,2035
2003-01-23,9.526938438415527,9.526938438415527,8.83078886585211,9.024163396500294,660,FCAP,2035
2003-01-24,9.526938438415527,9.526938438415527,9.526938438415527,9.526938438415527,0,FCAP,2035
2003-01-27,9.535541534423828,9.535541534423828,9.526946642623793,9.526946642623793,330,FCAP,2035
2003-01-28,9.535541534423828,9.535541534423828,9.535541534423828,9.535541534423828,0,FCAP,2035
2003-01-29,9.535541534423828,9.535541534423828,9.535541534423828,9.535541534423828,0,FCAP,2035
2003-01-30,9.535541534423828,9.535541534423828,9.535541534423828,9.535541534423828,0,FCAP,2035
2003-01-31,9.49686050415039,9.552725015280597,9.49686050415039,9.552725015280597,220,FCAP,2035
2003-02-03,9.49686050415039,9.49686050415039,9.49686050415039,9.49686050415039,0,FCAP,2035
2003-02-04,9.49686050415039,9.49686050415039,9.49686050415039,9.49686050415039,0,FCAP,2035
2003-02-05,9.49686050415039,9.49686050415039,9.49686050415039,9.49686050415039,0,FCAP,2035
2003-02-06,9.49686050415039,9.49686050415039,9.49686050415039,9.49686050415039,0,FCAP,2035
2003-02-07,9.49686050415039,9.49686050415039,9.49686050415039,9.49686050415039,0,FCAP,2035
2003-02-10,9.49686050415039,9.49686050415039,9.49686050415039,9.49686050415039,0,FCAP,2035
2003-02-11,9.49686050415039,9.49686050415039,9.49686050415039,9.49686050415039,0,FCAP,2035
2003-02-12,9.453890800476074,9.453890800476074,9.453890800476074,9.453890800476074,660,FCAP,2035
2003-02-13,9.453890800476074,9.453890800476074,9.453890800476074,9.453890800476074,0,FCAP,2035
2003-02-14,9.453890800476074,9.453890800476074,9.453890800476074,9.453890800476074,0,FCAP,2035
2003-02-18,9.453890800476074,9.453890800476074,9.453890800476074,9.453890800476074,0,FCAP,2035
2003-02-19,9.453890800476074,9.453890800476074,9.453890800476074,9.453890800476074,0,FCAP,2035
2003-02-20,9.453890800476074,9.453890800476074,9.453890800476074,9.453890800476074,660,FCAP,2035
2003-02-21,9.410922050476074,9.410922050476074,9.410922050476074,9.410922050476074,110,FCAP,2035
2003-02-24,9.410922050476074,9.410922050476074,9.410922050476074,9.410922050476074,0,FCAP,2035
2003-02-25,9.410922050476074,9.410922050476074,9.410922050476074,9.410922050476074,0,FCAP,2035
2003-02-26,9.453890800476074,9.453890800476074,9.453890800476074,9.453890800476074,110,FCAP,2035
2003-02-27,9.453890800476074,9.453890800476074,9.453890800476074,9.453890800476074,0,FCAP,2035
2003-02-28,9.453890800476074,9.453890800476074,9.453890800476074,9.453890800476074,0,FCAP,2035
2003-03-03,8.70188045501709,8.70188045501709,8.70188045501709,8.70188045501709,330,FCAP,2035
2003-03-04,8.70188045501709,8.70188045501709,8.70188045501709,8.70188045501709,0,FCAP,2035
2003-03-05,8.70188045501709,8.70188045501709,8.70188045501709,8.70188045501709,0,FCAP,2035
2003-03-06,8.70188045501709,8.70188045501709,8.70188045501709,8.70188045501709,0,FCAP,2035
2003-03-07,8.70188045501709,8.70188045501709,8.70188045501709,8.70188045501709,0,FCAP,2035
2003-03-10,8.70188045501709,8.70188045501709,8.70188045501709,8.70188045501709,0,FCAP,2035
2003-03-11,8.70188045501709,8.70188045501709,8.70188045501709,8.70188045501709,110,FCAP,2035
2003-03-12,8.70188045501709,8.70188045501709,8.70188045501709,8.70188045501709,0,FCAP,2035
2003-03-13,9.558221817016602,9.558221817016602,9.406847173022191,9.406847173022191,550,FCAP,2035
2003-03-14,9.514975547790527,9.514975547790527,9.514975547790527,9.514975547790527,440,FCAP,2035
2003-03-17,9.514975547790527,9.514975547790527,9.514975547790527,9.514975547790527,0,FCAP,2035
2003-03-18,9.341975212097168,9.341975212097168,9.307375337512315,9.307375337512315,550,FCAP,2035
2003-03-19,9.341975212097168,9.341975212097168,9.341975212097168,9.341975212097168,0,FCAP,2035
2003-03-20,9.341975212097168,9.341975212097168,9.341975212097168,9.341975212097168,0,FCAP,2035
2003-03-21,9.341975212097168,9.341975212097168,9.341975212097168,9.341975212097168,0,FCAP,2035
2003-03-24,9.341975212097168,9.341975212097168,9.341975212097168,9.341975212097168,0,FCAP,2035
2003-03-25,9.514975547790527,9.514975547790527,9.514975547790527,9.514975547790527,1320,FCAP,2035
2003-03-26,9.514975547790527,9.514975547790527,9.514975547790527,9.514975547790527,0,FCAP,2035
2003-03-27,9.514975547790527,9.514975547790527,9.514975547790527,9.514975547790527,0,FCAP,2035
2003-03-28,9.514975547790527,9.514975547790527,9.514975547790527,9.514975547790527,220,FCAP,2035
2003-03-31,9.514975547790527,9.514975547790527,9.514975547790527,9.514975547790527,0,FCAP,2035
2003-04-01,9.514975547790527,9.514975547790527,9.514975547790527,9.514975547790527,0,FCAP,2035
2003-04-02,9.514975547790527,9.514975547790527,9.514975547790527,9.514975547790527,0,FCAP,2035
2003-04-03,9.514975547790527,9.514975547790527,9.514975547790527,9.514975547790527,0,FCAP,2035
2003-04-04,9.514975547790527,9.514975547790527,9.514975547790527,9.514975547790527,0,FCAP,2035
2003-04-07,9.514975547790527,9.514975547790527,9.514975547790527,9.514975547790527,0,FCAP,2035
2003-04-08,9.514975547790527,9.514975547790527,9.514975547790527,9.514975547790527,0,FCAP,2035
2003-04-09,9.514975547790527,9.514975547790527,9.514975547790527,9.514975547790527,0,FCAP,2035
2003-04-10,9.514975547790527,9.514975547790527,9.514975547790527,9.514975547790527,0,FCAP,2035
2003-04-11,9.199252128601074,9.199252128601074,9.199252128601074,9.199252128601074,110,FCAP,2035
2003-04-14,9.203575134277344,9.259799700083017,9.104100274254408,9.259799700083017,6930,FCAP,2035
2003-04-15,9.203575134277344,9.203575134277344,9.203575134277344,9.203575134277344,0,FCAP,2035
2003-04-16,9.203575134277344,9.203575134277344,9.203575134277344,9.203575134277344,0,FCAP,2035
2003-04-17,9.203575134277344,9.203575134277344,9.203575134277344,9.203575134277344,0,FCAP,2035
2003-04-21,9.298733711242676,9.346307898592837,9.298733711242676,9.298733711242676,990,FCAP,2035
2003-04-22,9.220871925354004,9.320345844028973,9.177621645888882,9.320345844028973,1320,FCAP,2035
2003-04-23,9.104098320007324,9.255472048727922,9.017597750140645,9.255472048727922,5720,FCAP,2035
2003-04-24,9.104098320007324,9.104098320007324,9.104098320007324,9.104098320007324,0,FCAP,2035
2003-04-25,9.104098320007324,9.104098320007324,9.104098320007324,9.104098320007324,0,FCAP,2035
2003-04-28,9.104098320007324,9.104098320007324,9.104098320007324,9.104098320007324,0,FCAP,2035
2003-04-29,9.298733711242676,9.298733711242676,9.082482950500967,9.082482950500967,330,FCAP,2035
2003-04-30,9.298733711242676,9.298733711242676,9.298733711242676,9.298733711242676,0,FCAP,2035
2003-05-01,9.298733711242676,9.298733711242676,9.298733711242676,9.298733711242676,0,FCAP,2035
2003-05-02,9.298733711242676,9.298733711242676,9.298733711242676,9.298733711242676,0,FCAP,2035
2003-05-05,9.082474708557129,9.298725273061018,9.082474708557129,9.298725273061018,1430,FCAP,2035
2003-05-06,9.082474708557129,9.082474708557129,9.082474708557129,9.082474708557129,0,FCAP,2035
2003-05-07,9.082474708557129,9.082474708557129,8.866225958890507,9.082474708557129,1980,FCAP,2035
2003-05-08,9.082474708557129,9.190599990809075,9.082474708557129,9.190599990809075,1870,FCAP,2035
2003-05-09,9.1213960647583,9.1213960647583,9.1213960647583,9.1213960647583,110,FCAP,2035
2003-05-12,9.1213960647583,9.1213960647583,9.1213960647583,9.1213960647583,0,FCAP,2035
2003-05-13,9.1213960647583,9.1213960647583,9.1213960647583,9.1213960647583,0,FCAP,2035
2003-05-14,9.1213960647583,9.1213960647583,9.1213960647583,9.1213960647583,0,FCAP,2035
2003-05-15,9.168974876403809,9.168974876403809,9.060851403252213,9.060851403252213,2090,FCAP,2035
2003-05-16,9.082474708557129,9.082474708557129,9.082474708557129,9.082474708557129,440,FCAP,2035
2003-05-19,9.082474708557129,9.082474708557129,9.082474708557129,9.082474708557129,440,FCAP,2035
2003-05-20,9.082474708557129,9.082474708557129,9.082474708557129,9.082474708557129,0,FCAP,2035
2003-05-21,8.75810432434082,8.75810432434082,8.75810432434082,8.75810432434082,220,FCAP,2035
2003-05-22,8.75810432434082,8.974353141668555,8.75810432434082,8.974353141668555,770,FCAP,2035
2003-05-23,9.082474708557129,9.082474708557129,8.866225958890507,8.866225958890507,990,FCAP,2035
2003-05-27,9.082474708557129,9.082474708557129,9.082474708557129,9.082474708557129,0,FCAP,2035
2003-05-28,9.082474708557129,9.082474708557129,9.082474708557129,9.082474708557129,0,FCAP,2035
2003-05-29,8.974349975585938,8.974349975585938,8.974349975585938,8.974349975585938,220,FCAP,2035
2003-05-30,8.974349975585938,8.974349975585938,8.974349975585938,8.974349975585938,0,FCAP,2035
2003-06-02,8.909476280212402,8.909476280212402,8.909476280212402,8.909476280212402,330,FCAP,2035
2003-06-03,8.909476280212402,8.909476280212402,8.909476280212402,8.909476280212402,0,FCAP,2035
2003-06-04,8.909476280212402,8.909476280212402,8.909476280212402,8.909476280212402,0,FCAP,2035
2003-06-05,8.974349975585938,8.974349975585938,8.974349975585938,8.974349975585938,110,FCAP,2035
2003-06-06,8.974349975585938,8.974349975585938,8.974349975585938,8.974349975585938,0,FCAP,2035
2003-06-09,8.974349975585938,8.974349975585938,8.974349975585938,8.974349975585938,0,FCAP,2035
2003-06-10,8.974349975585938,8.974349975585938,8.974349975585938,8.974349975585938,0,FCAP,2035
2003-06-11,8.974349975585938,8.974349975585938,8.974349975585938,8.974349975585938,0,FCAP,2035
2003-06-12,9.144170761108398,9.144170761108398,8.795821712008783,8.795821712008783,330,FCAP,2035
2003-06-13,9.144170761108398,9.144170761108398,9.144170761108398,9.144170761108398,660,FCAP,2035
2003-06-16,9.144170761108398,9.144170761108398,9.144170761108398,9.144170761108398,0,FCAP,2035
2003-06-17,9.144170761108398,9.144170761108398,9.144170761108398,9.144170761108398,0,FCAP,2035
2003-06-18,9.144170761108398,9.144170761108398,9.144170761108398,9.144170761108398,0,FCAP,2035
2003-06-19,9.144170761108398,9.144170761108398,9.144170761108398,9.144170761108398,0,FCAP,2035
2003-06-20,9.144170761108398,9.144170761108398,9.144170761108398,9.144170761108398,0,FCAP,2035
2003-06-23,9.144170761108398,9.144170761108398,9.144170761108398,9.144170761108398,0,FCAP,2035
2003-06-24,9.144170761108398,9.144170761108398,9.144170761108398,9.144170761108398,0,FCAP,2035
2003-06-25,9.144170761108398,9.144170761108398,9.144170761108398,9.144170761108398,0,FCAP,2035
2003-06-26,9.144170761108398,9.144170761108398,9.144170761108398,9.144170761108398,220,FCAP,2035
2003-06-27,9.144170761108398,9.144170761108398,9.144170761108398,9.144170761108398,0,FCAP,2035
2003-06-30,9.144170761108398,9.144170761108398,9.144170761108398,9.144170761108398,0,FCAP,2035
2003-07-01,7.946719169616699,8.839364226484241,7.816088742747389,8.839364226484241,11110,FCAP,2035
2003-07-02,8.273294448852539,8.273294448852539,8.268940315595382,8.273294448852539,2530,FCAP,2035
2003-07-03,8.377805709838867,8.377805709838867,8.273300045890966,8.377805709838867,1430,FCAP,2035
2003-07-07,8.469244003295898,8.469244003295898,8.469244003295898,8.469244003295898,1100,FCAP,2035
2003-07-08,8.534555435180664,8.59551694349274,8.486657237732908,8.486657237732908,550,FCAP,2035
2003-07-09,8.534555435180664,8.534555435180664,8.534555435180664,8.534555435180664,0,FCAP,2035
2003-07-10,8.704379081726074,8.704379081726074,8.704379081726074,8.704379081726074,110,FCAP,2035
2003-07-11,8.704379081726074,8.704379081726074,8.704379081726074,8.704379081726074,0,FCAP,2035
2003-07-14,8.469244003295898,8.469244003295898,8.469244003295898,8.469244003295898,110,FCAP,2035
2003-07-15,8.469244003295898,8.469244003295898,8.469244003295898,8.469244003295898,0,FCAP,2035
2003-07-16,8.469244003295898,8.469244003295898,8.469244003295898,8.469244003295898,0,FCAP,2035
2003-07-17,8.469244003295898,8.469244003295898,8.469244003295898,8.469244003295898,0,FCAP,2035
2003-07-18,8.469244003295898,8.469244003295898,8.469244003295898,8.469244003295898,330,FCAP,2035
2003-07-21,8.469244003295898,8.469244003295898,8.469244003295898,8.469244003295898,0,FCAP,2035
2003-07-22,8.273294448852539,9.139813559724434,8.273294448852539,9.139813559724434,880,FCAP,2035
2003-07-23,8.273294448852539,8.273294448852539,8.273294448852539,8.273294448852539,0,FCAP,2035
2003-07-24,8.273294448852539,8.273294448852539,8.273294448852539,8.273294448852539,0,FCAP,2035
2003-07-25,8.273294448852539,8.273294448852539,8.273294448852539,8.273294448852539,0,FCAP,2035
2003-07-28,8.273294448852539,8.273294448852539,8.273294448852539,8.273294448852539,0,FCAP,2035
2003-07-29,8.273294448852539,8.273294448852539,8.273294448852539,8.273294448852539,0,FCAP,2035
2003-07-30,8.273294448852539,8.273294448852539,8.273294448852539,8.273294448852539,0,FCAP,2035
2003-07-31,8.321196556091309,8.92645425152116,8.321196556091309,8.92645425152116,220,FCAP,2035
2003-08-01,8.321196556091309,8.321196556091309,8.321196556091309,8.321196556091309,0,FCAP,2035
2003-08-04,8.321196556091309,8.321196556091309,8.321196556091309,8.321196556091309,0,FCAP,2035
2003-08-05,8.321196556091309,8.321196556091309,8.321196556091309,8.321196556091309,0,FCAP,2035
2003-08-06,8.321196556091309,8.321196556091309,8.321196556091309,8.321196556091309,0,FCAP,2035
2003-08-07,8.321196556091309,8.321196556091309,8.321196556091309,8.321196556091309,0,FCAP,2035
2003-08-08,8.321196556091309,8.321196556091309,8.321196556091309,8.321196556091309,0,FCAP,2035
2003-08-11,8.321196556091309,8.321196556091309,8.321196556091309,8.321196556091309,0,FCAP,2035
2003-08-12,8.273294448852539,8.277649495692,8.164436549512075,8.277649495692,6820,FCAP,2035
2003-08-13,8.273294448852539,8.273294448852539,8.273294448852539,8.273294448852539,0,FCAP,2035
2003-08-14,8.356032371520996,8.356032371520996,8.238464323498539,8.273298319434852,4730,FCAP,2035
2003-08-15,8.356032371520996,8.356032371520996,8.356032371520996,8.356032371520996,0,FCAP,2035
2003-08-18,9.03531265258789,9.03531265258789,9.03531265258789,9.03531265258789,550,FCAP,2035
2003-08-19,8.347319602966309,9.035309227332382,8.347319602966309,9.035309227332382,770,FCAP,2035
2003-08-20,8.708736419677734,8.817596207332752,8.708736419677734,8.817596207332752,440,FCAP,2035
2003-08-21,8.708736419677734,8.708736419677734,8.708736419677734,8.708736419677734,0,FCAP,2035
2003-08-22,8.708736419677734,8.708736419677734,8.708736419677734,8.708736419677734,0,FCAP,2035
2003-08-25,8.708736419677734,8.708736419677734,8.708736419677734,8.708736419677734,0,FCAP,2035
2003-08-26,8.708736419677734,8.708736419677734,8.708736419677734,8.708736419677734,0,FCAP,2035
2003-08-27,8.708736419677734,8.708736419677734,8.708736419677734,8.708736419677734,0,FCAP,2035
2003-08-28,8.708736419677734,8.708736419677734,8.708736419677734,8.708736419677734,0,FCAP,2035
2003-08-29,8.708736419677734,8.708736419677734,8.708736419677734,8.708736419677734,0,FCAP,2035
2003-09-02,8.708736419677734,8.708736419677734,8.708736419677734,8.708736419677734,0,FCAP,2035
2003-09-03,8.708736419677734,8.708736419677734,8.708736419677734,8.708736419677734,0,FCAP,2035
2003-09-04,8.708736419677734,8.708736419677734,8.708736419677734,8.708736419677734,0,FCAP,2035
2003-09-05,8.708736419677734,8.708736419677734,8.708736419677734,8.708736419677734,0,FCAP,2035
2003-09-08,9.03531265258789,9.03531265258789,9.03531265258789,9.03531265258789,550,FCAP,2035
2003-09-09,9.03531265258789,9.03531265258789,9.03531265258789,9.03531265258789,0,FCAP,2035
2003-09-10,9.248675346374512,9.248675346374512,9.248675346374512,9.248675346374512,110,FCAP,2035
2003-09-11,9.248675346374512,9.248675346374512,9.248675346374512,9.248675346374512,0,FCAP,2035
2003-09-12,9.248675346374512,9.248675346374512,9.248675346374512,9.248675346374512,0,FCAP,2035
2003-09-15,9.248675346374512,9.248675346374512,9.248675346374512,9.248675346374512,0,FCAP,2035
2003-09-16,8.985682487487793,8.9900655130649,8.985682487487793,8.9900655130649,880,FCAP,2035
2003-09-17,8.985682487487793,8.985682487487793,8.985682487487793,8.985682487487793,0,FCAP,2035
2003-09-18,8.985682487487793,8.985682487487793,8.985682487487793,8.985682487487793,0,FCAP,2035
2003-09-19,8.985682487487793,8.985682487487793,8.985682487487793,8.985682487487793,550,FCAP,2035
2003-09-22,9.200459480285645,9.200459480285645,9.200459480285645,9.200459480285645,550,FCAP,2035
2003-09-23,9.200459480285645,9.200459480285645,9.200459480285645,9.200459480285645,0,FCAP,2035
2003-09-24,9.007597923278809,9.007597923278809,8.845417711139783,8.845417711139783,330,FCAP,2035
2003-09-25,8.841033935546875,8.841033935546875,8.841033935546875,8.841033935546875,110,FCAP,2035
2003-09-26,8.841033935546875,8.841033935546875,8.841033935546875,8.841033935546875,0,FCAP,2035
2003-09-29,8.841033935546875,8.841033935546875,8.841033935546875,8.841033935546875,0,FCAP,2035
2003-09-30,8.841033935546875,8.841033935546875,8.841033935546875,8.841033935546875,0,FCAP,2035
2003-10-01,8.841033935546875,8.841033935546875,8.841033935546875,8.841033935546875,0,FCAP,2035
2003-10-02,8.841033935546875,8.841033935546875,8.841033935546875,8.841033935546875,0,FCAP,2035
2003-10-03,8.990060806274414,8.990060806274414,8.990060806274414,8.990060806274414,110,FCAP,2035
2003-10-06,8.985682487487793,8.985682487487793,8.985682487487793,8.985682487487793,330,FCAP,2035
2003-10-07,8.985682487487793,8.985682487487793,8.985682487487793,8.985682487487793,0,FCAP,2035
2003-10-08,8.985682487487793,8.985682487487793,8.985682487487793,8.985682487487793,0,FCAP,2035
2003-10-09,8.985682487487793,8.985682487487793,8.985682487487793,8.985682487487793,0,FCAP,2035
2003-10-10,8.845417022705078,8.845417022705078,8.845417022705078,8.845417022705078,220,FCAP,2035
2003-10-13,9.178544998168945,9.209228014054656,9.178544998168945,9.209228014054656,440,FCAP,2035
2003-10-14,9.20484447479248,9.26182748384672,9.20484447479248,9.26182748384672,220,FCAP,2035
2003-10-15,9.20484447479248,9.20484447479248,9.20484447479248,9.20484447479248,0,FCAP,2035
2003-10-16,9.20484447479248,9.20484447479248,9.20484447479248,9.20484447479248,0,FCAP,2035
2003-10-17,9.20484447479248,9.20484447479248,9.20484447479248,9.20484447479248,0,FCAP,2035
2003-10-20,8.876099586486816,8.880482611202881,8.731451494058032,8.84103354946971,660,FCAP,2035
2003-10-21,8.876099586486816,8.876099586486816,8.876099586486816,8.876099586486816,0,FCAP,2035
2003-10-22,8.876099586486816,8.876099586486816,8.876099586486816,8.876099586486816,0,FCAP,2035
2003-10-23,8.876099586486816,8.876099586486816,8.876099586486816,8.876099586486816,0,FCAP,2035
2003-10-24,8.3281888961792,8.876097185755414,8.3281888961792,8.876097185755414,2640,FCAP,2035
2003-10-27,8.941844940185547,8.941844940185547,8.494751773532354,8.766513907919153,330,FCAP,2035
2003-10-28,8.941844940185547,8.941844940185547,8.941844940185547,8.941844940185547,0,FCAP,2035
2003-10-29,8.941844940185547,8.941844940185547,8.941844940185547,8.941844940185547,0,FCAP,2035
2003-10-30,8.941844940185547,8.941844940185547,8.941844940185547,8.941844940185547,0,FCAP,2035
2003-10-31,8.941844940185547,8.941844940185547,8.941844940185547,8.941844940185547,0,FCAP,2035
2003-11-03,8.941844940185547,8.941844940185547,8.941844940185547,8.941844940185547,0,FCAP,2035
2003-11-04,8.3281888961792,8.766515159982553,8.3281888961792,8.481602996545968,1980,FCAP,2035
2003-11-05,8.985682487487793,8.985682487487793,8.547356938665098,8.547356938665098,1430,FCAP,2035
2003-11-06,8.985682487487793,8.985682487487793,8.985682487487793,8.985682487487793,0,FCAP,2035
2003-11-07,8.985682487487793,8.985682487487793,8.985682487487793,8.985682487487793,0,FCAP,2035
2003-11-10,8.985682487487793,8.985682487487793,8.985682487487793,8.985682487487793,0,FCAP,2035
2003-11-11,8.985682487487793,8.985682487487793,8.985682487487793,8.985682487487793,0,FCAP,2035
2003-11-12,8.985682487487793,8.985682487487793,8.985682487487793,8.985682487487793,0,FCAP,2035
2003-11-13,8.985682487487793,8.985682487487793,8.985682487487793,8.985682487487793,0,FCAP,2035
2003-11-14,8.661320686340332,8.661320686340332,8.661320686340332,8.661320686340332,110,FCAP,2035
2003-11-17,8.656936645507812,8.766518715727727,8.656936645507812,8.766518715727727,550,FCAP,2035
2003-11-18,8.656936645507812,8.656936645507812,8.656936645507812,8.656936645507812,0,FCAP,2035
2003-11-19,8.656936645507812,8.656936645507812,8.656936645507812,8.656936645507812,0,FCAP,2035
2003-11-20,8.656936645507812,8.656936645507812,8.656936645507812,8.656936645507812,0,FCAP,2035
2003-11-21,8.656936645507812,8.656936645507812,8.656936645507812,8.656936645507812,0,FCAP,2035
2003-11-24,8.998825073242188,8.998825073242188,8.998825073242188,8.998825073242188,1430,FCAP,2035
2003-11-25,8.998825073242188,8.998825073242188,8.998825073242188,8.998825073242188,0,FCAP,2035
2003-11-26,9.108410835266113,9.108410835266113,8.998828792084385,8.998828792084385,1980,FCAP,2035
2003-11-28,9.108410835266113,9.108410835266113,9.108410835266113,9.108410835266113,0,FCAP,2035
2003-12-01,9.108410835266113,9.108410835266113,9.108410835266113,9.108410835266113,0,FCAP,2035
2003-12-02,9.108410835266113,9.108410835266113,9.108410835266113,9.108410835266113,0,FCAP,2035
2003-12-03,9.108410835266113,9.108410835266113,9.108410835266113,9.108410835266113,0,FCAP,2035
2003-12-04,8.876099586486816,8.876099586486816,8.876099586486816,8.876099586486816,220,FCAP,2035
2003-12-05,9.20484447479248,9.625637906345153,9.20484447479248,9.625637906345153,1210,FCAP,2035
2003-12-08,9.20484447479248,9.20484447479248,9.20484447479248,9.20484447479248,0,FCAP,2035
2003-12-09,9.20484447479248,9.20484447479248,9.20484447479248,9.20484447479248,0,FCAP,2035
2003-12-10,9.20484447479248,9.20484447479248,9.20484447479248,9.20484447479248,1320,FCAP,2035
2003-12-11,9.20484447479248,9.20484447479248,9.20484447479248,9.20484447479248,0,FCAP,2035
2003-12-12,9.204842567443848,9.204842567443848,9.204842567443848,9.204842567443848,0,FCAP,2035
2003-12-15,9.204842567443848,9.204842567443848,9.204842567443848,9.204842567443848,0,FCAP,2035
2003-12-16,9.204842567443848,9.204842567443848,9.204842567443848,9.204842567443848,0,FCAP,2035
2003-12-17,9.204842567443848,9.204842567443848,9.204842567443848,9.204842567443848,0,FCAP,2035
2003-12-18,9.27106761932373,9.27106761932373,9.27106761932373,9.27106761932373,220,FCAP,2035
2003-12-19,9.27106761932373,9.27106761932373,9.27106761932373,9.27106761932373,0,FCAP,2035
2003-12-22,9.27106761932373,9.491808515452357,9.27106761932373,9.491808515452357,2420,FCAP,2035
2003-12-23,9.27106761932373,9.27106761932373,9.27106761932373,9.27106761932373,0,FCAP,2035
2003-12-24,9.27106761932373,9.27106761932373,9.27106761932373,9.27106761932373,0,FCAP,2035
2003-12-26,9.27106761932373,9.27106761932373,9.27106761932373,9.27106761932373,0,FCAP,2035
2003-12-29,9.27106761932373,9.27106761932373,9.27106761932373,9.27106761932373,0,FCAP,2035
2003-12-30,9.27106761932373,9.27106761932373,9.27106761932373,9.27106761932373,0,FCAP,2035
2003-12-31,9.27106761932373,9.60217711099524,9.27106761932373,9.544785070808656,1980,FCAP,2035
2004-01-02,8.697145462036133,9.129794436941712,8.644167053566925,9.129794436941712,990,FCAP,2035
2004-01-05,8.697145462036133,8.697145462036133,8.697145462036133,8.697145462036133,0,FCAP,2035
2004-01-06,10.802997589111328,11.03698206800772,9.271063936765309,9.271063936765309,1210,FCAP,2035
2004-01-07,10.794170379638672,10.816243167612784,10.745607467314095,10.745607467314095,550,FCAP,2035
2004-01-08,9.712539672851562,9.712539672851562,9.712539672851562,9.712539672851562,220,FCAP,2035
2004-01-09,9.977437973022461,10.06131830837054,9.884726666173151,10.06131830837054,550,FCAP,2035
2004-01-12,9.977437973022461,9.977437973022461,9.977437973022461,9.977437973022461,0,FCAP,2035
2004-01-13,9.712539672851562,9.933278537227306,9.712539672851562,9.800835403853853,2090,FCAP,2035
2004-01-14,9.712539672851562,9.712539672851562,9.712539672851562,9.712539672851562,0,FCAP,2035
2004-01-15,9.712539672851562,9.712539672851562,9.712539672851562,9.712539672851562,0,FCAP,2035
2004-01-16,9.712539672851562,9.712539672851562,9.712539672851562,9.712539672851562,0,FCAP,2035
2004-01-20,9.712539672851562,9.712539672851562,9.712539672851562,9.712539672851562,0,FCAP,2035
2004-01-21,9.712539672851562,9.712539672851562,9.712539672851562,9.712539672851562,0,FCAP,2035
2004-01-22,10.595502853393555,10.595502853393555,10.595502853393555,10.595502853393555,110,FCAP,2035
2004-01-23,10.595502853393555,10.595502853393555,10.595502853393555,10.595502853393555,0,FCAP,2035
2004-01-26,10.595502853393555,10.595502853393555,10.595502853393555,10.595502853393555,0,FCAP,2035
2004-01-27,9.756697654724121,10.595509398186405,9.756697654724121,10.595509398186405,1980,FCAP,2035
2004-01-28,9.756697654724121,9.756697654724121,9.756697654724121,9.756697654724121,0,FCAP,2035
2004-01-29,9.434414863586426,9.434414863586426,9.434414863586426,9.434414863586426,550,FCAP,2035
2004-01-30,9.434414863586426,9.434414863586426,9.434414863586426,9.434414863586426,0,FCAP,2035
2004-02-02,11.03698444366455,11.03698444366455,10.595504584262484,10.595504584262484,3300,FCAP,2035
2004-02-03,10.595502853393555,10.816241820774382,10.595502853393555,10.816241820774382,1870,FCAP,2035
2004-02-04,9.933286666870117,10.237907882832385,9.933286666870117,10.237907882832385,550,FCAP,2035
2004-02-05,9.933286666870117,9.933286666870117,9.933286666870117,9.933286666870117,0,FCAP,2035
2004-02-06,9.933286666870117,9.933286666870117,9.933286666870117,9.933286666870117,0,FCAP,2035
2004-02-09,9.933286666870117,9.933286666870117,9.933286666870117,9.933286666870117,0,FCAP,2035
2004-02-10,9.769939422607422,9.769939422607422,9.769939422607422,9.769939422607422,220,FCAP,2035
2004-02-11,10.56460189819336,10.56460189819336,9.169527401802462,9.169527401802462,1650,FCAP,2035
2004-02-12,9.35936164855957,9.372606248019348,9.35936164855957,9.372606248019348,330,FCAP,2035
2004-02-13,9.712539672851562,9.712539672851562,9.712539672851562,9.712539672851562,110,FCAP,2035
2004-02-17,9.712539672851562,9.712539672851562,9.712539672851562,9.712539672851562,0,FCAP,2035
2004-02-18,9.712539672851562,9.712539672851562,9.712539672851562,9.712539672851562,0,FCAP,2035
2004-02-19,10.154027938842773,10.154027938842773,9.500638044322791,9.712547979974433,1760,FCAP,2035
2004-02-20,10.154027938842773,10.154027938842773,10.154027938842773,10.154027938842773,0,FCAP,2035
2004-02-23,10.595502853393555,10.595502853393555,10.154023992371505,10.154023992371505,770,FCAP,2035
2004-02-24,10.595502853393555,10.595502853393555,10.595502853393555,10.595502853393555,0,FCAP,2035
2004-02-25,10.595502853393555,10.595502853393555,10.595502853393555,10.595502853393555,0,FCAP,2035
2004-02-26,10.595502853393555,10.595502853393555,10.595502853393555,10.595502853393555,0,FCAP,2035
2004-02-27,10.273225784301758,10.595506147746507,10.273225784301758,10.595506147746507,440,FCAP,2035
2004-03-01,10.273225784301758,10.273225784301758,10.273225784301758,10.273225784301758,0,FCAP,2035
2004-03-02,10.273225784301758,10.273225784301758,10.273225784301758,10.273225784301758,0,FCAP,2035
2004-03-03,9.730204582214355,10.154025268312656,9.730204582214355,10.154025268312656,550,FCAP,2035
2004-03-04,9.730204582214355,9.730204582214355,9.730204582214355,9.730204582214355,0,FCAP,2035
2004-03-05,9.730204582214355,9.730204582214355,9.730204582214355,9.730204582214355,0,FCAP,2035
2004-03-08,9.712539672851562,9.712539672851562,9.712539672851562,9.712539672851562,330,FCAP,2035
2004-03-09,10.595502853393555,10.595502853393555,10.595502853393555,10.595502853393555,220,FCAP,2035
2004-03-10,10.595502853393555,10.595502853393555,10.595502853393555,10.595502853393555,0,FCAP,2035
2004-03-11,10.595502853393555,10.595502853393555,10.595502853393555,10.595502853393555,0,FCAP,2035
2004-03-12,10.374762535095215,10.374762535095215,10.374762535095215,10.374762535095215,110,FCAP,2035
2004-03-15,10.374761581420898,10.374761581420898,10.374761581420898,10.374761581420898,0,FCAP,2035
2004-03-16,10.374761581420898,10.374761581420898,10.374761581420898,10.374761581420898,0,FCAP,2035
2004-03-17,10.374761581420898,10.374761581420898,10.374761581420898,10.374761581420898,0,FCAP,2035
2004-03-18,10.374761581420898,10.374761581420898,10.374761581420898,10.374761581420898,0,FCAP,2035
2004-03-19,10.374761581420898,10.374761581420898,10.374761581420898,10.374761581420898,0,FCAP,2035
2004-03-22,9.806038856506348,9.806038856506348,9.806038856506348,9.806038856506348,110,FCAP,2035
2004-03-23,9.806038856506348,9.806038856506348,9.806038856506348,9.806038856506348,0,FCAP,2035
2004-03-24,9.806038856506348,9.806038856506348,9.806038856506348,9.806038856506348,0,FCAP,2035
2004-03-25,9.806038856506348,9.806038856506348,9.806038856506348,9.806038856506348,0,FCAP,2035
2004-03-26,9.806038856506348,9.806038856506348,9.806038856506348,9.806038856506348,0,FCAP,2035
2004-03-29,9.806038856506348,9.806038856506348,9.806038856506348,9.806038856506348,0,FCAP,2035
2004-03-30,9.99709701538086,9.99709701538086,9.99709701538086,9.99709701538086,330,FCAP,2035
2004-03-31,9.99709701538086,9.99709701538086,9.99709701538086,9.99709701538086,0,FCAP,2035
2004-04-01,9.99709701538086,9.99709701538086,9.99709701538086,9.99709701538086,0,FCAP,2035
2004-04-02,9.99709701538086,9.99709701538086,9.99709701538086,9.99709701538086,0,FCAP,2035
2004-04-05,10.663567543029785,10.663567543029785,10.663567543029785,10.663567543029785,220,FCAP,2035
2004-04-06,10.663567543029785,10.663567543029785,10.663567543029785,10.663567543029785,220,FCAP,2035
2004-04-07,9.99709701538086,9.99709701538086,9.99709701538086,9.99709701538086,550,FCAP,2035
2004-04-08,9.774933815002441,9.774933815002441,9.774933815002441,9.774933815002441,110,FCAP,2035
2004-04-12,9.774933815002441,9.774933815002441,9.774933815002441,9.774933815002441,0,FCAP,2035
2004-04-13,9.774933815002441,9.774933815002441,9.774933815002441,9.774933815002441,0,FCAP,2035
2004-04-14,9.774933815002441,9.774933815002441,9.774933815002441,9.774933815002441,0,FCAP,2035
2004-04-15,9.774933815002441,9.774933815002441,9.774933815002441,9.774933815002441,0,FCAP,2035
2004-04-16,9.774933815002441,9.774933815002441,9.774933815002441,9.774933815002441,0,FCAP,2035
2004-04-19,9.99709701538086,10.07263126952101,9.99709701538086,10.07263126952101,220,FCAP,2035
2004-04-20,10.441410064697266,10.441410064697266,10.219253078111418,10.219253078111418,330,FCAP,2035
2004-04-21,10.441410064697266,10.441410064697266,10.441410064697266,10.441410064697266,0,FCAP,2035
2004-04-22,10.441410064697266,10.441410064697266,10.441410064697266,10.441410064697266,0,FCAP,2035
2004-04-23,10.441410064697266,10.441410064697266,10.441410064697266,10.441410064697266,0,FCAP,2035
2004-04-26,10.441410064697266,10.441410064697266,10.441410064697266,10.441410064697266,0,FCAP,2035
2004-04-27,10.441410064697266,10.441410064697266,10.441410064697266,10.441410064697266,0,FCAP,2035
2004-04-28,10.441410064697266,10.441410064697266,10.441410064697266,10.441410064697266,0,FCAP,2035
2004-04-29,10.441410064697266,10.441410064697266,10.441410064697266,10.441410064697266,220,FCAP,2035
2004-04-30,10.441410064697266,10.441410064697266,10.441410064697266,10.441410064697266,0,FCAP,2035
2004-05-03,10.441410064697266,10.441410064697266,10.441410064697266,10.441410064697266,0,FCAP,2035
2004-05-04,10.441410064697266,10.441410064697266,10.441410064697266,10.441410064697266,0,FCAP,2035
2004-05-05,10.441410064697266,10.441410064697266,10.441410064697266,10.441410064697266,0,FCAP,2035
2004-05-06,10.441410064697266,10.441410064697266,10.441410064697266,10.441410064697266,0,FCAP,2035
2004-05-07,10.663567543029785,10.663567543029785,10.663567543029785,10.663567543029785,880,FCAP,2035
2004-05-10,10.441410064697266,10.441410064697266,9.774937240518403,9.774937240518403,770,FCAP,2035
2004-05-11,10.441410064697266,10.441410064697266,10.441410064697266,10.441410064697266,330,FCAP,2035
2004-05-12,10.441410064697266,10.441410064697266,10.441410064697266,10.441410064697266,550,FCAP,2035
2004-05-13,10.441410064697266,10.441410064697266,10.441410064697266,10.441410064697266,0,FCAP,2035
2004-05-14,10.441410064697266,10.441410064697266,10.441410064697266,10.441410064697266,0,FCAP,2035
2004-05-17,10.441410064697266,10.441410064697266,10.441410064697266,10.441410064697266,0,FCAP,2035
2004-05-18,10.441410064697266,10.441410064697266,10.441410064697266,10.441410064697266,0,FCAP,2035
2004-05-19,10.441410064697266,10.441410064697266,10.441410064697266,10.441410064697266,0,FCAP,2035
2004-05-20,10.441410064697266,10.441410064697266,10.441410064697266,10.441410064697266,0,FCAP,2035
2004-05-21,10.441410064697266,10.441410064697266,10.441410064697266,10.441410064697266,0,FCAP,2035
2004-05-24,10.441410064697266,10.441410064697266,10.441410064697266,10.441410064697266,0,FCAP,2035
2004-05-25,10.441410064697266,10.441410064697266,10.441410064697266,10.441410064697266,0,FCAP,2035
2004-05-26,10.77465534210205,10.77465534210205,10.77465534210205,10.77465534210205,220,FCAP,2035
2004-05-27,10.77465534210205,10.77465534210205,10.77465534210205,10.77465534210205,0,FCAP,2035
2004-05-28,10.7702054977417,10.7702054977417,10.7702054977417,10.7702054977417,110,FCAP,2035
2004-06-01,10.7702054977417,10.7702054977417,10.7702054977417,10.7702054977417,0,FCAP,2035
2004-06-02,10.7702054977417,10.7702054977417,10.7702054977417,10.7702054977417,0,FCAP,2035
2004-06-03,10.7702054977417,10.7702054977417,10.7702054977417,10.7702054977417,0,FCAP,2035
2004-06-04,10.7702054977417,10.7702054977417,10.7702054977417,10.7702054977417,0,FCAP,2035
2004-06-07,10.7702054977417,10.7702054977417,10.7702054977417,10.7702054977417,0,FCAP,2035
2004-06-08,10.7702054977417,10.7702054977417,10.7702054977417,10.7702054977417,0,FCAP,2035
2004-06-09,10.7702054977417,10.7702054977417,10.7702054977417,10.7702054977417,0,FCAP,2035
2004-06-10,10.7702054977417,10.7702054977417,10.7702054977417,10.7702054977417,0,FCAP,2035
2004-06-14,10.770207405090332,10.770207405090332,10.770207405090332,10.770207405090332,0,FCAP,2035
2004-06-15,10.282886505126953,10.39465666395961,10.282886505126953,10.39465666395961,220,FCAP,2035
2004-06-16,10.282886505126953,10.282886505126953,10.282886505126953,10.282886505126953,0,FCAP,2035
2004-06-17,10.282886505126953,10.282886505126953,10.282886505126953,10.282886505126953,0,FCAP,2035
2004-06-18,10.282886505126953,10.282886505126953,10.282886505126953,10.282886505126953,0,FCAP,2035
2004-06-21,10.282886505126953,10.282886505126953,10.282886505126953,10.282886505126953,0,FCAP,2035
2004-06-22,10.282886505126953,10.282886505126953,10.282886505126953,10.282886505126953,1100,FCAP,2035
2004-06-23,10.282886505126953,10.282886505126953,10.282886505126953,10.282886505126953,0,FCAP,2035
2004-06-24,10.282886505126953,10.282886505126953,10.282886505126953,10.282886505126953,0,FCAP,2035
2004-06-25,10.282886505126953,10.282886505126953,10.282886505126953,10.282886505126953,0,FCAP,2035
2004-06-28,10.282886505126953,10.282886505126953,10.282886505126953,10.282886505126953,0,FCAP,2035
2004-06-29,10.282886505126953,10.282886505126953,10.282886505126953,10.282886505126953,0,FCAP,2035
2004-06-30,10.059344291687012,10.282886484944303,10.059344291687012,10.282886484944303,1210,FCAP,2035
2004-07-01,9.706151008605957,9.992283228418335,9.625675852776022,9.947575538080356,1100,FCAP,2035
2004-07-02,9.706151008605957,9.706151008605957,9.706151008605957,9.706151008605957,0,FCAP,2035
2004-07-06,9.706151008605957,9.706151008605957,9.706151008605957,9.706151008605957,0,FCAP,2035
2004-07-07,9.706151008605957,9.706151008605957,9.706151008605957,9.706151008605957,0,FCAP,2035
2004-07-08,9.500492095947266,9.63014551111809,9.500492095947266,9.616732830096193,1430,FCAP,2035
2004-07-09,9.388721466064453,9.388721466064453,9.388721466064453,9.388721466064453,330,FCAP,2035
2004-07-12,9.388721466064453,9.388721466064453,9.388721466064453,9.388721466064453,110,FCAP,2035
2004-07-13,9.388721466064453,9.388721466064453,9.388721466064453,9.388721466064453,0,FCAP,2035
2004-07-14,8.941637992858887,9.066820806569,8.941637992858887,9.066820806569,990,FCAP,2035
2004-07-15,8.941637992858887,8.941637992858887,8.941637992858887,8.941637992858887,0,FCAP,2035
2004-07-16,8.941637992858887,8.941637992858887,8.941637992858887,8.941637992858887,0,FCAP,2035
2004-07-19,8.941637992858887,8.941637992858887,8.941637992858887,8.941637992858887,550,FCAP,2035
2004-07-20,8.941637992858887,8.941637992858887,8.941637992858887,8.941637992858887,0,FCAP,2035
2004-07-21,9.272481918334961,9.276952500131566,8.941641043091971,8.941641043091971,2970,FCAP,2035
2004-07-22,9.272481918334961,9.272481918334961,9.272481918334961,9.272481918334961,0,FCAP,2035
2004-07-23,9.272481918334961,9.272481918334961,9.272481918334961,9.272481918334961,0,FCAP,2035
2004-07-26,8.941637992858887,8.941637992858887,8.941637992858887,8.941637992858887,330,FCAP,2035
2004-07-27,8.941637992858887,8.941637992858887,8.941637992858887,8.941637992858887,0,FCAP,2035
2004-07-28,8.941637992858887,8.941637992858887,8.941637992858887,8.941637992858887,0,FCAP,2035
2004-07-29,9.370837211608887,9.370837211608887,9.370837211608887,9.370837211608887,220,FCAP,2035
2004-07-30,9.384247779846191,9.384247779846191,9.370835102603209,9.370835102603209,550,FCAP,2035
2004-08-02,9.384247779846191,9.384247779846191,9.384247779846191,9.384247779846191,0,FCAP,2035
2004-08-03,9.384247779846191,9.384247779846191,9.384247779846191,9.384247779846191,0,FCAP,2035
2004-08-04,9.384247779846191,9.384247779846191,9.384247779846191,9.384247779846191,0,FCAP,2035
2004-08-05,9.384247779846191,9.384247779846191,9.384247779846191,9.384247779846191,0,FCAP,2035
2004-08-06,9.384247779846191,9.384247779846191,9.384247779846191,9.384247779846191,0,FCAP,2035
2004-08-09,9.384247779846191,9.384247779846191,9.384247779846191,9.384247779846191,0,FCAP,2035
2004-08-10,9.384247779846191,9.384247779846191,9.384247779846191,9.384247779846191,0,FCAP,2035
2004-08-11,8.941637992858887,9.165179200634528,8.941637992858887,9.165179200634528,440,FCAP,2035
2004-08-12,8.941637992858887,8.941637992858887,8.941637992858887,8.941637992858887,0,FCAP,2035
2004-08-13,8.941637992858887,8.941637992858887,8.941637992858887,8.941637992858887,0,FCAP,2035
2004-08-16,8.941637992858887,8.941637992858887,8.941637992858887,8.941637992858887,0,FCAP,2035
2004-08-17,8.941637992858887,8.941637992858887,8.941637992858887,8.941637992858887,0,FCAP,2035
2004-08-18,9.165181159973145,9.165181159973145,8.896931278089667,8.963994686575901,4070,FCAP,2035
2004-08-19,9.165181159973145,9.165181159973145,9.165181159973145,9.165181159973145,0,FCAP,2035
2004-08-20,8.740449905395508,8.843278871273057,8.740449905395508,8.843278871273057,880,FCAP,2035
2004-08-23,8.80751895904541,8.80751895904541,8.80751895904541,8.80751895904541,110,FCAP,2035
2004-08-24,8.80751895904541,8.80751895904541,8.80751895904541,8.80751895904541,0,FCAP,2035
2004-08-25,8.80751895904541,8.80751895904541,8.80751895904541,8.80751895904541,0,FCAP,2035
2004-08-26,9.165181159973145,9.165181159973145,9.165181159973145,9.165181159973145,110,FCAP,2035
2004-08-27,9.165181159973145,9.165181159973145,9.165181159973145,9.165181159973145,0,FCAP,2035
2004-08-30,9.165181159973145,9.165181159973145,9.165181159973145,9.165181159973145,0,FCAP,2035
2004-08-31,9.165181159973145,9.165181159973145,9.165181159973145,9.165181159973145,0,FCAP,2035
2004-09-01,9.20988941192627,9.20988941192627,9.20988941192627,9.20988941192627,110,FCAP,2035
2004-09-02,9.20988941192627,9.20988941192627,9.20988941192627,9.20988941192627,0,FCAP,2035
2004-09-03,9.19200325012207,9.19200325012207,9.19200325012207,9.19200325012207,220,FCAP,2035
2004-09-07,9.19200325012207,9.19200325012207,9.19200325012207,9.19200325012207,0,FCAP,2035
2004-09-08,9.19200325012207,9.19200325012207,9.19200325012207,9.19200325012207,0,FCAP,2035
2004-09-09,9.19200325012207,9.19200325012207,9.19200325012207,9.19200325012207,0,FCAP,2035
2004-09-10,9.19200325012207,9.19200325012207,9.19200325012207,9.19200325012207,0,FCAP,2035
2004-09-13,9.19200325012207,9.19200325012207,9.19200325012207,9.19200325012207,0,FCAP,2035
2004-09-14,9.457721710205078,9.457721710205078,9.457721710205078,9.457721710205078,1980,FCAP,2035
2004-09-15,9.457721710205078,9.457721710205078,9.011857851408138,9.029873488138225,1760,FCAP,2035
2004-09-16,9.457721710205078,9.457721710205078,9.457721710205078,9.457721710205078,0,FCAP,2035
2004-09-17,9.457721710205078,9.457721710205078,9.052390671778108,9.232538534897165,2530,FCAP,2035
2004-09-20,9.457721710205078,9.457721710205078,9.457721710205078,9.457721710205078,0,FCAP,2035
2004-09-21,9.682903289794922,9.682903289794922,9.119943664354462,9.682903289794922,1980,FCAP,2035
2004-09-22,9.682903289794922,9.682903289794922,9.682903289794922,9.682903289794922,220,FCAP,2035
2004-09-23,9.682903289794922,9.682903289794922,9.682903289794922,9.682903289794922,220,FCAP,2035
2004-09-24,9.682903289794922,9.682903289794922,9.682903289794922,9.682903289794922,0,FCAP,2035
2004-09-27,9.682903289794922,9.682903289794922,9.682903289794922,9.682903289794922,0,FCAP,2035
2004-09-28,9.682903289794922,9.682903289794922,9.682903289794922,9.682903289794922,0,FCAP,2035
2004-09-29,9.682903289794922,9.682903289794922,9.682903289794922,9.682903289794922,0,FCAP,2035
2004-09-30,9.457721710205078,9.457721710205078,9.457721710205078,9.457721710205078,220,FCAP,2035
2004-10-01,9.11994743347168,9.137962126253127,9.11994743347168,9.124450870439755,990,FCAP,2035
2004-10-04,9.11994743347168,9.11994743347168,9.11994743347168,9.11994743347168,110,FCAP,2035
2004-10-05,9.142465591430664,9.417190394271131,9.142465591430664,9.268569399232348,1210,FCAP,2035
2004-10-06,9.358644485473633,9.358644485473633,9.358644485473633,9.358644485473633,220,FCAP,2035
2004-10-07,9.142465591430664,9.142465591430664,9.142465591430664,9.142465591430664,110,FCAP,2035
2004-10-08,9.142465591430664,9.142465591430664,9.142465591430664,9.142465591430664,0,FCAP,2035
2004-10-11,9.142465591430664,9.142465591430664,9.142465591430664,9.142465591430664,0,FCAP,2035
2004-10-12,9.142465591430664,9.142465591430664,9.142465591430664,9.142465591430664,0,FCAP,2035
2004-10-13,9.164982795715332,9.164982795715332,9.164982795715332,9.164982795715332,1650,FCAP,2035
2004-10-14,9.164982795715332,9.164982795715332,9.164982795715332,9.164982795715332,0,FCAP,2035
2004-10-15,9.164982795715332,9.164982795715332,9.164982795715332,9.164982795715332,0,FCAP,2035
2004-10-18,9.128957748413086,9.128957748413086,9.128957748413086,9.128957748413086,220,FCAP,2035
2004-10-19,9.390166282653809,9.390166282653809,9.390166282653809,9.390166282653809,110,FCAP,2035
2004-10-20,9.502758979797363,9.502758979797363,9.502758979797363,9.502758979797363,440,FCAP,2035
2004-10-21,9.457721710205078,9.457721710205078,9.457721710205078,9.457721710205078,660,FCAP,2035
2004-10-22,9.457721710205078,9.457721710205078,9.457721710205078,9.457721710205078,0,FCAP,2035
2004-10-25,9.63786792755127,9.63786792755127,9.63786792755127,9.63786792755127,220,FCAP,2035
2004-10-26,9.457721710205078,9.637868628415045,9.457721710205078,9.637868628415045,440,FCAP,2035
2004-10-27,9.210016250610352,9.232535316217739,9.210016250610352,9.232535316217739,990,FCAP,2035
2004-10-28,9.457721710205078,9.457721710205078,9.457721710205078,9.457721710205078,220,FCAP,2035
2004-10-29,9.457721710205078,9.457721710205078,9.457721710205078,9.457721710205078,0,FCAP,2035
2004-11-01,9.457721710205078,9.457721710205078,9.457721710205078,9.457721710205078,0,FCAP,2035
2004-11-02,9.457721710205078,9.457721710205078,9.457721710205078,9.457721710205078,0,FCAP,2035
2004-11-03,9.457721710205078,9.457721710205078,9.457721710205078,9.457721710205078,0,FCAP,2035
2004-11-04,9.457721710205078,9.457721710205078,9.457721710205078,9.457721710205078,0,FCAP,2035
2004-11-05,9.457721710205078,9.457721710205078,9.457721710205078,9.457721710205078,0,FCAP,2035
2004-11-08,9.210016250610352,9.210016250610352,9.210016250610352,9.210016250610352,660,FCAP,2035
2004-11-09,9.210016250610352,9.210016250610352,9.210016250610352,9.210016250610352,0,FCAP,2035
2004-11-10,9.210016250610352,9.210016250610352,9.210016250610352,9.210016250610352,0,FCAP,2035
2004-11-11,9.457721710205078,9.457721710205078,9.457721710205078,9.457721710205078,550,FCAP,2035
2004-11-12,9.232540130615234,9.232540130615234,9.232540130615234,9.232540130615234,440,FCAP,2035
2004-11-15,9.232540130615234,9.232540130615234,9.232540130615234,9.232540130615234,0,FCAP,2035
2004-11-16,9.232540130615234,9.232540130615234,9.232540130615234,9.232540130615234,0,FCAP,2035
2004-11-17,9.232540130615234,9.232540130615234,9.232540130615234,9.232540130615234,0,FCAP,2035
2004-11-18,9.232540130615234,9.232540130615234,9.232540130615234,9.232540130615234,0,FCAP,2035
2004-11-19,9.36764907836914,9.36764907836914,9.36764907836914,9.36764907836914,220,FCAP,2035
2004-11-22,9.457721710205078,9.457721710205078,9.457721710205078,9.457721710205078,330,FCAP,2035
2004-11-23,9.457721710205078,9.457721710205078,9.457721710205078,9.457721710205078,0,FCAP,2035
2004-11-24,9.457721710205078,9.457721710205078,9.457721710205078,9.457721710205078,220,FCAP,2035
2004-11-26,9.457721710205078,9.457721710205078,9.457721710205078,9.457721710205078,0,FCAP,2035
2004-11-29,9.457721710205078,9.457721710205078,9.457721710205078,9.457721710205078,0,FCAP,2035
2004-11-30,9.457721710205078,9.457721710205078,9.457721710205078,9.457721710205078,550,FCAP,2035
2004-12-01,9.457721710205078,9.457721710205078,9.457721710205078,9.457721710205078,330,FCAP,2035
2004-12-02,9.457721710205078,9.457721710205078,9.457721710205078,9.457721710205078,0,FCAP,2035
2004-12-03,9.457721710205078,9.457721710205078,9.457721710205078,9.457721710205078,0,FCAP,2035
2004-12-06,9.457721710205078,9.457721710205078,9.457721710205078,9.457721710205078,0,FCAP,2035
2004-12-07,9.457721710205078,9.457721710205078,9.457721710205078,9.457721710205078,0,FCAP,2035
2004-12-08,9.457721710205078,9.457721710205078,9.457721710205078,9.457721710205078,0,FCAP,2035
2004-12-09,9.457721710205078,9.457721710205078,9.457721710205078,9.457721710205078,0,FCAP,2035
2004-12-10,9.457721710205078,9.457721710205078,9.457721710205078,9.457721710205078,0,FCAP,2035
2004-12-13,9.457721710205078,9.457721710205078,9.457721710205078,9.457721710205078,0,FCAP,2035
2004-12-14,9.298961639404297,9.298961639404297,9.298961639404297,9.298961639404297,1100,FCAP,2035
2004-12-15,9.298961639404297,9.298961639404297,9.298961639404297,9.298961639404297,0,FCAP,2035
2004-12-16,9.298961639404297,9.298961639404297,9.298961639404297,9.298961639404297,0,FCAP,2035
2004-12-17,9.298961639404297,9.298961639404297,9.298961639404297,9.298961639404297,0,FCAP,2035
2004-12-20,9.298961639404297,9.298961639404297,9.298961639404297,9.298961639404297,0,FCAP,2035
2004-12-21,9.298961639404297,9.298961639404297,9.298961639404297,9.298961639404297,0,FCAP,2035
2004-12-22,9.298961639404297,9.298961639404297,9.298961639404297,9.298961639404297,550,FCAP,2035
2004-12-23,9.298961639404297,9.298961639404297,9.298961639404297,9.298961639404297,0,FCAP,2035
2004-12-27,9.298961639404297,9.298961639404297,9.298961639404297,9.298961639404297,0,FCAP,2035
2004-12-28,9.276276588439941,9.298957664716381,9.276276588439941,9.298957664716381,330,FCAP,2035
2004-12-29,9.276276588439941,9.276276588439941,9.276276588439941,9.276276588439941,0,FCAP,2035
2004-12-30,9.525764465332031,9.525764465332031,9.525764465332031,9.525764465332031,2860,FCAP,2035
2004-12-31,9.525764465332031,9.525764465332031,9.525764465332031,9.525764465332031,0,FCAP,2035
2005-01-03,9.525764465332031,9.525764465332031,9.525764465332031,9.525764465332031,0,FCAP,2035
2005-01-04,9.489473342895508,9.489473342895508,9.14019504087988,9.14019504087988,660,FCAP,2035
2005-01-05,9.185556411743164,9.45771981952083,9.185556411743164,9.45771981952083,1320,FCAP,2035
2005-01-06,9.185556411743164,9.185556411743164,9.185556411743164,9.185556411743164,440,FCAP,2035
2005-01-07,9.185556411743164,9.185556411743164,9.185556411743164,9.185556411743164,0,FCAP,2035
2005-01-10,9.185556411743164,9.185556411743164,9.185556411743164,9.185556411743164,0,FCAP,2035
2005-01-11,9.185556411743164,9.185556411743164,9.185556411743164,9.185556411743164,0,FCAP,2035
2005-01-12,9.276276588439941,9.276276588439941,9.276276588439941,9.276276588439941,110,FCAP,2035
2005-01-13,9.276276588439941,9.276276588439941,9.276276588439941,9.276276588439941,0,FCAP,2035
2005-01-14,9.276276588439941,9.276276588439941,9.276276588439941,9.276276588439941,0,FCAP,2035
2005-01-18,9.276276588439941,9.276276588439941,9.276276588439941,9.276276588439941,0,FCAP,2035
2005-01-19,9.276276588439941,9.276276588439941,9.276276588439941,9.276276588439941,0,FCAP,2035
2005-01-20,9.276276588439941,9.276276588439941,9.276276588439941,9.276276588439941,0,FCAP,2035
2005-01-21,9.276276588439941,9.276276588439941,9.276276588439941,9.276276588439941,0,FCAP,2035
2005-01-24,9.412361145019531,9.412361145019531,9.412361145019531,9.412361145019531,440,FCAP,2035
2005-01-25,9.412361145019531,9.412361145019531,9.412361145019531,9.412361145019531,0,FCAP,2035
2005-01-26,9.412361145019531,9.412361145019531,9.412361145019531,9.412361145019531,0,FCAP,2035
2005-01-27,9.412361145019531,9.412361145019531,9.412361145019531,9.412361145019531,0,FCAP,2035
2005-01-28,9.389681816101074,9.389681816101074,9.389681816101074,9.389681816101074,330,FCAP,2035
2005-01-31,9.389681816101074,9.389681816101074,9.389681816101074,9.389681816101074,0,FCAP,2035
2005-02-01,9.389681816101074,9.389681816101074,9.389681816101074,9.389681816101074,0,FCAP,2035
2005-02-02,9.412361145019531,9.412361145019531,9.412361145019531,9.412361145019531,220,FCAP,2035
2005-02-03,9.253599166870117,9.253599166870117,9.253599166870117,9.253599166870117,2090,FCAP,2035
2005-02-04,9.253599166870117,9.253599166870117,9.253599166870117,9.253599166870117,0,FCAP,2035
2005-02-07,9.253599166870117,9.253599166870117,9.253599166870117,9.253599166870117,0,FCAP,2035
2005-02-08,9.253599166870117,9.253599166870117,9.253599166870117,9.253599166870117,0,FCAP,2035
2005-02-09,9.253599166870117,9.253599166870117,9.253599166870117,9.253599166870117,0,FCAP,2035
2005-02-10,9.253599166870117,9.253599166870117,9.253599166870117,9.253599166870117,0,FCAP,2035
2005-02-11,9.253599166870117,9.253599166870117,9.253599166870117,9.253599166870117,0,FCAP,2035
2005-02-14,9.253599166870117,9.253599166870117,9.253599166870117,9.253599166870117,220,FCAP,2035
2005-02-15,9.253599166870117,9.253599166870117,9.253599166870117,9.253599166870117,330,FCAP,2035
2005-02-16,9.253599166870117,9.253599166870117,9.253599166870117,9.253599166870117,0,FCAP,2035
2005-02-17,9.085763931274414,9.253599362845689,9.085763931274414,9.253599362845689,1320,FCAP,2035
2005-02-18,9.072158813476562,9.094839902877345,9.072158813476562,9.085767276775563,3080,FCAP,2035
2005-02-22,9.072158813476562,9.072158813476562,9.072158813476562,9.072158813476562,3300,FCAP,2035
2005-02-23,8.95875072479248,8.972359179741769,8.95875072479248,8.972359179741769,220,FCAP,2035
2005-02-24,8.95875072479248,8.95875072479248,8.95875072479248,8.95875072479248,0,FCAP,2035
2005-02-25,8.86803150177002,8.86803150177002,8.86803150177002,8.86803150177002,110,FCAP,2035
2005-02-28,8.85895824432373,8.868029913802513,8.85895824432373,8.868029913802513,220,FCAP,2035
2005-03-01,8.85895824432373,8.85895824432373,8.85895824432373,8.85895824432373,0,FCAP,2035
2005-03-02,8.85895824432373,8.85895824432373,8.85895824432373,8.85895824432373,0,FCAP,2035
2005-03-03,8.74555778503418,8.74555778503418,8.74555778503418,8.74555778503418,330,FCAP,2035
2005-03-04,8.74555778503418,8.74555778503418,8.74555778503418,8.74555778503418,0,FCAP,2035
2005-03-07,8.74555778503418,8.74555778503418,8.74555778503418,8.74555778503418,0,FCAP,2035
2005-03-08,8.74555778503418,8.74555778503418,8.74555778503418,8.74555778503418,0,FCAP,2035
2005-03-09,8.641230583190918,8.663910718638784,8.641230583190918,8.663910718638784,2090,FCAP,2035
2005-03-10,8.523289680480957,8.523289680480957,8.523289680480957,8.523289680480957,330,FCAP,2035
2005-03-11,8.523289680480957,8.523289680480957,8.523289680480957,8.523289680480957,0,FCAP,2035
2005-03-14,8.65589427947998,8.68790159016993,8.65589427947998,8.68790159016993,220,FCAP,2035
2005-03-15,8.687904357910156,8.687904357910156,8.687904357910156,8.687904357910156,110,FCAP,2035
2005-03-16,8.505002975463867,8.687905120209196,8.505002975463867,8.687905120209196,880,FCAP,2035
2005-03-17,8.509570121765137,8.527859461652547,8.504997786793284,8.504997786793284,1100,FCAP,2035
2005-03-18,8.509570121765137,8.509570121765137,8.509570121765137,8.509570121765137,0,FCAP,2035
2005-03-21,8.54157829284668,8.550723923083895,8.54157829284668,8.550723923083895,3740,FCAP,2035
2005-03-22,8.54157829284668,8.54157829284668,8.54157829284668,8.54157829284668,0,FCAP,2035
2005-03-23,8.91653060913086,8.91653060913086,8.91653060913086,8.91653060913086,110,FCAP,2035
2005-03-24,8.660467147827148,8.902814396728635,8.573588922857546,8.573588922857546,550,FCAP,2035
2005-03-28,8.660467147827148,8.660467147827148,8.660467147827148,8.660467147827148,0,FCAP,2035
2005-03-29,8.660467147827148,8.660467147827148,8.660467147827148,8.660467147827148,0,FCAP,2035
2005-03-30,8.91653060913086,8.930247614984012,8.64217514222212,8.930247614984012,4290,FCAP,2035
2005-03-31,8.642180442810059,8.642180442810059,8.642180442810059,8.642180442810059,2200,FCAP,2035
2005-04-01,8.642180442810059,8.642180442810059,8.642180442810059,8.642180442810059,0,FCAP,2035
2005-04-04,8.642180442810059,8.642180442810059,8.642180442810059,8.642180442810059,0,FCAP,2035
2005-04-05,8.687904357910156,8.687904357910156,8.687904357910156,8.687904357910156,110,FCAP,2035
2005-04-06,8.687904357910156,8.687904357910156,8.687904357910156,8.687904357910156,0,FCAP,2035
2005-04-07,8.642180442810059,8.642180442810059,8.642180442810059,8.642180442810059,660,FCAP,2035
2005-04-08,8.642180442810059,8.642180442810059,8.642180442810059,8.642180442810059,0,FCAP,2035
2005-04-11,8.642180442810059,8.642180442810059,8.642180442810059,8.642180442810059,0,FCAP,2035
2005-04-12,8.642180442810059,8.642180442810059,8.642180442810059,8.642180442810059,0,FCAP,2035
2005-04-13,8.642180442810059,8.642180442810059,8.642180442810059,8.642180442810059,0,FCAP,2035
2005-04-14,8.802216529846191,8.802216529846191,8.802216529846191,8.802216529846191,220,FCAP,2035
2005-04-15,8.57359504699707,8.60560238251774,8.57359504699707,8.582739725898339,1320,FCAP,2035
2005-04-18,8.57359504699707,8.57359504699707,8.57359504699707,8.57359504699707,0,FCAP,2035
2005-04-19,8.57359504699707,8.57359504699707,8.57359504699707,8.57359504699707,0,FCAP,2035
2005-04-20,8.57359504699707,8.57359504699707,8.57359504699707,8.57359504699707,0,FCAP,2035
2005-04-21,8.57359504699707,8.57359504699707,8.57359504699707,8.57359504699707,0,FCAP,2035
2005-04-22,8.838798522949219,8.838798522949219,8.459274444170667,8.459274444170667,1430,FCAP,2035
2005-04-25,8.413553237915039,8.413553237915039,8.413553237915039,8.413553237915039,220,FCAP,2035
2005-04-26,8.687904357910156,8.687904357910156,8.687904357910156,8.687904357910156,880,FCAP,2035
2005-04-27,8.687904357910156,8.687904357910156,8.687904357910156,8.687904357910156,0,FCAP,2035
2005-04-28,8.687904357910156,8.985122595536579,8.687904357910156,8.916534657037365,1320,FCAP,2035
2005-04-29,8.802216529846191,9.0765720284968,8.802216529846191,9.030844832901078,5940,FCAP,2035
2005-05-02,8.802216529846191,8.802216529846191,8.802216529846191,8.802216529846191,220,FCAP,2035
2005-05-03,8.802216529846191,8.802216529846191,8.802216529846191,8.802216529846191,0,FCAP,2035
2005-05-04,8.91653060913086,8.91653060913086,8.91653060913086,8.91653060913086,110,FCAP,2035
2005-05-05,8.687904357910156,8.687904357910156,8.687904357910156,8.687904357910156,110,FCAP,2035
2005-05-06,8.463848114013672,8.463848114013672,8.463848114013672,8.463848114013672,2200,FCAP,2035
2005-05-09,8.463848114013672,8.463848114013672,8.463848114013672,8.463848114013672,0,FCAP,2035
2005-05-10,8.463848114013672,8.463848114013672,8.463848114013672,8.463848114013672,0,FCAP,2035
2005-05-11,8.463848114013672,8.463848114013672,8.463848114013672,8.463848114013672,0,FCAP,2035
2005-05-12,8.710768699645996,8.710768699645996,8.710768699645996,8.710768699645996,330,FCAP,2035
2005-05-13,9.602418899536133,9.602418899536133,9.602418899536133,9.602418899536133,10780,FCAP,2035
2005-05-16,9.03084659576416,9.03541989183574,9.03084659576416,9.03541989183574,330,FCAP,2035
2005-05-17,8.989694595336914,8.994267891891102,8.989694595336914,8.994267891891102,440,FCAP,2035
2005-05-18,8.989694595336914,8.989694595336914,8.989694595336914,8.989694595336914,0,FCAP,2035
2005-05-19,8.687904357910156,8.687904357910156,8.687904357910156,8.687904357910156,660,FCAP,2035
2005-05-20,9.049138069152832,9.049138069152832,9.049138069152832,9.049138069152832,110,FCAP,2035
2005-05-23,9.0537109375,9.0537109375,9.0537109375,9.0537109375,440,FCAP,2035
2005-05-24,8.939395904541016,8.939395904541016,8.939395904541016,8.939395904541016,330,FCAP,2035
2005-05-25,8.934825897216797,8.939398235544491,8.934825897216797,8.939398235544491,220,FCAP,2035
2005-05-26,9.0537109375,9.0537109375,9.0537109375,9.0537109375,330,FCAP,2035
2005-05-27,9.0537109375,9.0537109375,9.0537109375,9.0537109375,0,FCAP,2035
2005-05-31,9.0537109375,9.0537109375,9.0537109375,9.0537109375,0,FCAP,2035
2005-06-01,9.0537109375,9.0537109375,9.0537109375,9.0537109375,0,FCAP,2035
2005-06-02,9.0537109375,9.0537109375,9.0537109375,9.0537109375,0,FCAP,2035
2005-06-03,9.0537109375,9.0537109375,9.0537109375,9.0537109375,0,FCAP,2035
2005-06-06,9.0537109375,9.0537109375,9.0537109375,9.0537109375,0,FCAP,2035
2005-06-07,8.92110824584961,8.92110824584961,8.92110824584961,8.92110824584961,1100,FCAP,2035
2005-06-08,8.92110824584961,8.92110824584961,8.92110824584961,8.92110824584961,0,FCAP,2035
2005-06-09,8.92110824584961,8.92110824584961,8.92110824584961,8.92110824584961,110,FCAP,2035
2005-06-10,8.92110824584961,8.92110824584961,8.92110824584961,8.92110824584961,0,FCAP,2035
2005-06-13,8.92110824584961,8.92110824584961,8.92110824584961,8.92110824584961,0,FCAP,2035
2005-06-14,8.990229606628418,8.99022960662842,8.99022960662842,8.99022960662842,0,FCAP,2035
2005-06-15,8.815126419067383,8.815126419067383,8.815126419067383,8.815126419067383,440,FCAP,2035
2005-06-16,8.815126419067383,8.815126419067383,8.815126419067383,8.815126419067383,0,FCAP,2035
2005-06-17,8.815126419067383,8.815126419067383,8.815126419067383,8.815126419067383,0,FCAP,2035
2005-06-20,8.815126419067383,8.815126419067383,8.815126419067383,8.815126419067383,0,FCAP,2035
2005-06-21,8.640024185180664,8.640024185180662,8.640024185180662,8.640024185180662,880,FCAP,2035
2005-06-22,8.640024185180664,8.640024185180662,8.640024185180662,8.640024185180662,0,FCAP,2035
2005-06-23,8.640024185180664,8.640024185180662,8.640024185180662,8.640024185180662,0,FCAP,2035
2005-06-24,8.640024185180664,8.640024185180662,8.640024185180662,8.640024185180662,0,FCAP,2035
2005-06-27,8.640024185180664,8.640024185180662,8.640024185180662,8.640024185180662,0,FCAP,2035
2005-06-28,8.640024185180664,8.640024185180662,8.640024185180662,8.640024185180662,0,FCAP,2035
2005-06-29,8.755218505859375,8.81512330465813,8.755218505859375,8.81512330465813,660,FCAP,2035
2005-06-30,8.930316925048828,8.930316925048828,8.930316925048828,8.930316925048828,3740,FCAP,2035
2005-07-01,9.00865650177002,9.00865650177002,9.00865650177002,9.00865650177002,110,FCAP,2035
2005-07-05,8.75982666015625,8.75982666015625,8.75982666015625,8.75982666015625,110,FCAP,2035
2005-07-06,8.75982666015625,8.75982666015625,8.75982666015625,8.75982666015625,0,FCAP,2035
2005-07-07,8.75982666015625,8.75982666015625,8.75982666015625,8.75982666015625,0,FCAP,2035
2005-07-08,8.640024185180664,8.640024185180662,8.640024185180662,8.640024185180662,4400,FCAP,2035
2005-07-11,8.640024185180664,8.640024185180662,8.640024185180662,8.640024185180662,440,FCAP,2035
2005-07-12,8.640024185180664,8.640024185180662,8.640024185180662,8.640024185180662,220,FCAP,2035
2005-07-13,8.640024185180664,8.640024185180662,8.640024185180662,8.640024185180662,0,FCAP,2035
2005-07-14,8.640024185180664,8.640024185180662,8.640024185180662,8.640024185180662,0,FCAP,2035
2005-07-15,8.640024185180664,8.640024185180662,8.640024185180662,8.640024185180662,2530,FCAP,2035
2005-07-18,8.640024185180664,8.640024185180662,8.640024185180662,8.640024185180662,0,FCAP,2035
2005-07-19,8.640024185180664,8.640024185180662,8.640024185180662,8.640024185180662,0,FCAP,2035
2005-07-20,8.640024185180664,8.640024185180662,8.640024185180662,8.640024185180662,0,FCAP,2035
2005-07-21,8.640024185180664,8.640024185180662,8.640024185180662,8.640024185180662,0,FCAP,2035
2005-07-22,8.640024185180664,8.640024185180662,8.640024185180662,8.640024185180662,0,FCAP,2035
2005-07-25,8.713744163513184,8.713744163513184,8.653840348927027,8.653840348927027,880,FCAP,2035
2005-07-26,8.713744163513184,8.713744163513184,8.713744163513184,8.713744163513184,0,FCAP,2035
2005-07-27,8.713744163513184,8.713744163513184,8.713744163513184,8.713744163513184,0,FCAP,2035
2005-07-28,8.713744163513184,8.713744163513184,8.713744163513184,8.713744163513184,0,FCAP,2035
2005-07-29,8.870417594909668,8.870417594909668,8.870417594909668,8.870417594909668,1320,FCAP,2035
2005-08-01,8.870417594909668,8.870417594909668,8.870417594909668,8.870417594909668,0,FCAP,2035
2005-08-02,8.755218505859375,8.755218505859375,8.755218505859375,8.755218505859375,220,FCAP,2035
2005-08-03,8.547855377197266,8.547855377197266,8.547855377197266,8.547855377197266,1100,FCAP,2035
2005-08-04,8.547855377197266,8.547855377197266,8.547855377197266,8.547855377197266,0,FCAP,2035
2005-08-05,8.547855377197266,8.547855377197266,8.547855377197266,8.547855377197266,0,FCAP,2035
2005-08-08,8.755218505859375,8.755218505859375,8.755218505859375,8.755218505859375,1760,FCAP,2035
2005-08-09,8.755218505859375,8.755218505859375,8.755218505859375,8.755218505859375,0,FCAP,2035
2005-08-10,8.755218505859375,8.755218505859375,8.755218505859375,8.755218505859375,0,FCAP,2035
2005-08-11,8.755218505859375,8.755218505859375,8.755218505859375,8.755218505859375,0,FCAP,2035
2005-08-12,8.755218505859375,8.755218505859375,8.755218505859375,8.755218505859375,0,FCAP,2035
2005-08-15,8.635409355163574,8.640018085138555,8.635409355163574,8.635409355163574,660,FCAP,2035
2005-08-16,8.640024185180664,8.640024185180662,8.616983419434941,8.616983419434941,770,FCAP,2035
2005-08-17,8.349711418151855,8.547855842192465,8.317456113567461,8.547855842192465,1980,FCAP,2035
2005-08-18,8.409616470336914,8.409616470336914,8.409616470336914,8.409616470336914,550,FCAP,2035
2005-08-19,8.409616470336914,8.409616470336914,8.409616470336914,8.409616470336914,0,FCAP,2035
2005-08-22,8.409616470336914,8.409616470336914,8.409616470336914,8.409616470336914,0,FCAP,2035
2005-08-23,8.626193046569824,8.626193046569824,8.626193046569824,8.626193046569824,330,FCAP,2035
2005-08-24,8.640024185180664,8.640024185180662,8.630807685522475,8.630807685522475,330,FCAP,2035
2005-08-25,8.455698013305664,8.455698013305664,8.455698013305664,8.455698013305664,770,FCAP,2035
2005-08-26,8.455698013305664,8.455698013305664,8.455698013305664,8.455698013305664,0,FCAP,2035
2005-08-29,8.437264442443848,8.455696460939434,8.437264442443848,8.455696460939434,1980,FCAP,2035
2005-08-30,8.437264442443848,8.437264442443848,8.437264442443848,8.437264442443848,0,FCAP,2035
2005-08-31,8.294413566589355,8.345101843930207,8.294413566589355,8.345101843930207,550,FCAP,2035
2005-09-01,8.294413566589355,8.294413566589355,8.294413566589355,8.294413566589355,0,FCAP,2035
2005-09-02,8.294413566589355,8.294413566589355,8.294413566589355,8.294413566589355,0,FCAP,2035
2005-09-06,8.294413566589355,8.294413566589355,8.294413566589355,8.294413566589355,0,FCAP,2035
2005-09-07,8.524816513061523,8.524816513061523,8.409615675864197,8.409615675864197,1320,FCAP,2035
2005-09-08,8.326671600341797,8.326671600341797,8.326671600341797,8.326671600341797,660,FCAP,2035
2005-09-09,8.326671600341797,8.326671600341797,8.326671600341797,8.326671600341797,0,FCAP,2035
2005-09-12,8.326671600341797,8.326671600341797,8.326671600341797,8.326671600341797,0,FCAP,2035
2005-09-13,8.294413566589355,8.57089472779455,8.294413566589355,8.57089472779455,550,FCAP,2035
2005-09-14,8.36880111694336,8.36880111694336,8.36880111694336,8.36880111694336,0,FCAP,2035
2005-09-15,8.485039710998535,8.485039710998535,8.485039710998535,8.485039710998535,110,FCAP,2035
2005-09-16,8.485039710998535,8.485039710998535,8.485039710998535,8.485039710998535,0,FCAP,2035
2005-09-19,8.485039710998535,8.485039710998535,8.485039710998535,8.485039710998535,0,FCAP,2035
2005-09-20,8.485039710998535,8.485039710998535,8.485039710998535,8.485039710998535,0,FCAP,2035
2005-09-21,8.485039710998535,8.485039710998535,8.485039710998535,8.485039710998535,0,FCAP,2035
2005-09-22,8.485039710998535,8.485039710998535,8.485039710998535,8.485039710998535,0,FCAP,2035
2005-09-23,8.13633918762207,8.252572736973267,8.13633918762207,8.252572736973267,550,FCAP,2035
2005-09-26,8.13633918762207,8.13633918762207,8.13633918762207,8.13633918762207,0,FCAP,2035
2005-09-27,7.982912063598633,8.136340291521034,7.982912063598633,8.136340291521034,990,FCAP,2035
2005-09-28,7.982912063598633,7.982912063598633,7.982912063598633,7.982912063598633,0,FCAP,2035
2005-09-29,8.252573013305664,8.252573013305664,8.252573013305664,8.252573013305664,660,FCAP,2035
2005-09-30,8.13633918762207,8.368805798589639,8.13633918762207,8.252572736973267,5390,FCAP,2035
2005-10-03,8.150288581848145,8.150288581848145,8.024756350288738,8.024756350288738,660,FCAP,2035
2005-10-04,8.36880111694336,8.36880111694336,8.36880111694336,8.36880111694336,880,FCAP,2035
2005-10-05,8.36880111694336,8.36880111694336,8.36880111694336,8.36880111694336,0,FCAP,2035
2005-10-06,8.36880111694336,8.36880111694336,8.36880111694336,8.36880111694336,0,FCAP,2035
2005-10-07,8.36880111694336,8.36880111694336,8.36880111694336,8.36880111694336,0,FCAP,2035
2005-10-10,8.36880111694336,8.36880111694336,8.36880111694336,8.36880111694336,0,FCAP,2035
2005-10-11,8.36880111694336,8.36880111694336,8.36880111694336,8.36880111694336,220,FCAP,2035
2005-10-12,8.36880111694336,8.36880111694336,8.36880111694336,8.36880111694336,0,FCAP,2035
2005-10-13,8.36880111694336,8.36880111694336,8.36880111694336,8.36880111694336,0,FCAP,2035
2005-10-14,8.36880111694336,8.36880111694336,8.36880111694336,8.36880111694336,0,FCAP,2035
2005-10-17,8.36880111694336,8.36880111694336,8.36880111694336,8.36880111694336,0,FCAP,2035
2005-10-18,8.36880111694336,8.36880111694336,8.36880111694336,8.36880111694336,0,FCAP,2035
2005-10-19,8.36880111694336,8.36880111694336,8.36880111694336,8.36880111694336,0,FCAP,2035
2005-10-20,8.36880111694336,8.36880111694336,8.36880111694336,8.36880111694336,0,FCAP,2035
2005-10-21,8.36880111694336,8.36880111694336,8.36880111694336,8.36880111694336,0,FCAP,2035
2005-10-24,8.36880111694336,8.36880111694336,8.36880111694336,8.36880111694336,0,FCAP,2035
2005-10-25,8.029406547546387,8.099146794201834,8.029406547546387,8.099146794201834,440,FCAP,2035
2005-10-26,8.029406547546387,8.029406547546387,8.029406547546387,8.029406547546387,0,FCAP,2035
2005-10-27,7.9503655433654785,8.071248175663621,7.9503655433654785,8.071248175663621,220,FCAP,2035
2005-10-28,7.9503655433654785,7.9503655433654785,7.9503655433654785,7.9503655433654785,0,FCAP,2035
2005-10-31,7.9503655433654785,7.9503655433654785,7.9503655433654785,7.9503655433654785,0,FCAP,2035
2005-11-01,7.9503655433654785,7.9503655433654785,7.9503655433654785,7.9503655433654785,0,FCAP,2035
2005-11-02,7.7504425048828125,8.020104213432361,7.7504425048828125,7.903870684731022,660,FCAP,2035
2005-11-03,7.7504425048828125,7.94571491113862,7.7504425048828125,7.94571491113862,4840,FCAP,2035
2005-11-04,7.903872013092041,7.903872013092041,7.903872013092041,7.903872013092041,330,FCAP,2035
2005-11-07,7.903872013092041,7.903872013092041,7.903872013092041,7.903872013092041,0,FCAP,2035
2005-11-08,7.903872013092041,7.903872013092041,7.903872013092041,7.903872013092041,0,FCAP,2035
2005-11-09,7.903872013092041,7.903872013092041,7.903872013092041,7.903872013092041,0,FCAP,2035
2005-11-10,7.820186138153076,7.820186138153077,7.764394137043953,7.764394137043953,880,FCAP,2035
2005-11-11,7.843430042266846,8.043351546799466,7.843430042266847,8.043351546799466,1100,FCAP,2035
2005-11-14,8.13633918762207,8.13633918762207,7.894573912215801,7.9038720889196785,1100,FCAP,2035
2005-11-15,8.13633918762207,8.13633918762207,8.13633918762207,8.13633918762207,0,FCAP,2035
2005-11-16,8.13633918762207,8.13633918762207,8.13633918762207,8.13633918762207,0,FCAP,2035
2005-11-17,8.13633918762207,8.13633918762207,8.13633918762207,8.13633918762207,0,FCAP,2035
2005-11-18,8.13633918762207,8.13633918762207,8.13633918762207,8.13633918762207,0,FCAP,2035
2005-11-21,8.13633918762207,8.13633918762207,8.13633918762207,8.13633918762207,0,FCAP,2035
2005-11-22,8.13633918762207,8.13633918762207,8.13633918762207,8.13633918762207,0,FCAP,2035
2005-11-23,7.973609924316406,8.485036315037794,7.973609924316407,8.485036315037794,330,FCAP,2035
2005-11-25,7.973609924316406,7.973609924316407,7.973609924316407,7.973609924316407,0,FCAP,2035
2005-11-28,7.973609924316406,7.973609924316407,7.973609924316407,7.973609924316407,0,FCAP,2035
2005-11-29,8.066600799560547,8.066600799560547,8.029406133325763,8.029406133325763,990,FCAP,2035
2005-11-30,8.066600799560547,8.066600799560547,8.066600799560547,8.066600799560547,0,FCAP,2035
2005-12-01,8.252573013305664,8.485039144322394,8.252573013305664,8.294416760813526,550,FCAP,2035
2005-12-02,8.252573013305664,8.252573013305664,8.252573013305664,8.252573013305664,0,FCAP,2035
2005-12-05,8.252573013305664,8.252573013305664,8.252573013305664,8.252573013305664,0,FCAP,2035
2005-12-06,8.066600799560547,8.117743709500845,8.066600799560547,8.089847709824756,1100,FCAP,2035
2005-12-07,8.07125186920166,8.07125186920166,8.020108949804277,8.020108949804277,770,FCAP,2035
2005-12-08,8.07125186920166,8.07125186920166,8.07125186920166,8.07125186920166,0,FCAP,2035
2005-12-09,8.07125186920166,8.07125186920166,8.07125186920166,8.07125186920166,0,FCAP,2035
2005-12-12,8.07125186920166,8.07125186920166,8.07125186920166,8.07125186920166,0,FCAP,2035
2005-12-13,8.07125186920166,8.07125186920166,8.07125186920166,8.07125186920166,0,FCAP,2035
2005-12-14,8.14632797241211,8.14632797241211,8.14632797241211,8.14632797241211,0,FCAP,2035
2005-12-15,8.14632797241211,8.14632797241211,8.14632797241211,8.14632797241211,0,FCAP,2035
2005-12-16,8.37626838684082,8.37626838684082,8.37626838684082,8.37626838684082,110,FCAP,2035
2005-12-19,8.37626838684082,8.37626838684082,8.37626838684082,8.37626838684082,0,FCAP,2035
2005-12-20,8.37626838684082,8.37626838684082,8.37626838684082,8.37626838684082,0,FCAP,2035
2005-12-21,8.37626838684082,8.37626838684082,8.37626838684082,8.37626838684082,0,FCAP,2035
2005-12-22,8.329340934753418,8.329340934753418,8.329340934753418,8.329340934753418,660,FCAP,2035
2005-12-23,8.329340934753418,8.329340934753418,8.329340934753418,8.329340934753418,0,FCAP,2035
2005-12-27,8.305877685546875,8.446655640555543,8.305877685546875,8.446655640555543,550,FCAP,2035
2005-12-28,8.258951187133789,8.258951187133789,8.258951187133789,8.258951187133789,550,FCAP,2035
2005-12-29,8.141641616821289,8.212030629412151,8.141641616821289,8.212030629412151,1540,FCAP,2035
2005-12-30,8.399728775024414,8.399728775024414,8.399728775024414,8.399728775024414,4070,FCAP,2035
2006-01-03,8.399728775024414,8.399728775024414,8.399728775024414,8.399728775024414,0,FCAP,2035
2006-01-04,8.399728775024414,8.399728775024414,8.399728775024414,8.399728775024414,0,FCAP,2035
2006-01-05,8.160408020019531,8.160408020019531,8.094711869670327,8.094711869670327,660,FCAP,2035
2006-01-06,8.160408020019531,8.160408020019531,8.160408020019531,8.160408020019531,0,FCAP,2035
2006-01-09,8.258951187133789,8.446654444197065,8.258951187133789,8.446654444197065,330,FCAP,2035
2006-01-10,8.258951187133789,8.258951187133789,8.258951187133789,8.258951187133789,330,FCAP,2035
2006-01-11,8.258951187133789,8.258951187133789,8.258951187133789,8.258951187133789,0,FCAP,2035
2006-01-12,8.258951187133789,8.258951187133789,8.258951187133789,8.258951187133789,0,FCAP,2035
2006-01-13,8.258951187133789,8.258951187133789,8.258951187133789,8.258951187133789,0,FCAP,2035
2006-01-17,8.258951187133789,8.258951187133789,8.258951187133789,8.258951187133789,0,FCAP,2035
2006-01-18,8.258951187133789,8.258951187133789,8.258951187133789,8.258951187133789,0,FCAP,2035
2006-01-19,8.446651458740234,8.446651458740234,8.446651458740234,8.446651458740234,110,FCAP,2035
2006-01-20,8.446651458740234,8.446651458740234,8.446651458740234,8.446651458740234,0,FCAP,2035
2006-01-23,8.446651458740234,8.446651458740234,8.446651458740234,8.446651458740234,1650,FCAP,2035
2006-01-24,8.446651458740234,8.540504038643517,8.446651458740234,8.540504038643517,1870,FCAP,2035
2006-01-25,8.479504585266113,8.479504585266113,8.423193596027959,8.423193596027959,770,FCAP,2035
2006-01-26,8.399728775024414,8.423192422345505,8.25895181381676,8.418500086698797,2090,FCAP,2035
2006-01-27,8.446651458740234,8.446651458740234,8.446651458740234,8.446651458740234,990,FCAP,2035
2006-01-30,8.244874000549316,8.244874000549316,8.244874000549316,8.244874000549316,220,FCAP,2035
2006-01-31,8.399728775024414,8.399728775024414,8.399728775024414,8.399728775024414,440,FCAP,2035
2006-02-01,8.399728775024414,8.399728775024414,8.399728775024414,8.399728775024414,0,FCAP,2035
2006-02-02,8.329340934753418,8.329340934753418,8.329340934753418,8.329340934753418,330,FCAP,2035
2006-02-03,8.329340934753418,8.329340934753418,8.329340934753418,8.329340934753418,0,FCAP,2035
2006-02-06,8.399728775024414,8.399728775024414,8.399728775024414,8.399728775024414,1210,FCAP,2035
2006-02-07,8.399728775024414,8.399728775024414,8.399728775024414,8.399728775024414,0,FCAP,2035
2006-02-08,8.49358081817627,8.49358081817627,8.446655490370295,8.446655490370295,330,FCAP,2035
2006-02-09,8.49358081817627,8.49358081817627,8.49358081817627,8.49358081817627,1540,FCAP,2035
2006-02-10,8.49358081817627,8.49358081817627,8.49358081817627,8.49358081817627,0,FCAP,2035
2006-02-13,8.49358081817627,8.49358081817627,8.49358081817627,8.49358081817627,0,FCAP,2035
2006-02-14,8.432579040527344,8.432579040527344,8.432579040527344,8.432579040527344,1540,FCAP,2035
2006-02-15,8.432579040527344,8.432579040527344,8.432579040527344,8.432579040527344,0,FCAP,2035
2006-02-16,8.563969612121582,8.563969612121582,8.563969612121582,8.563969612121582,440,FCAP,2035
2006-02-17,8.657816886901855,8.657816886901855,8.493576356763755,8.493576356763755,660,FCAP,2035
2006-02-21,8.798604011535645,8.798604011535645,8.681288674400783,8.681288674400783,440,FCAP,2035
2006-02-22,8.798604011535645,8.798604011535645,8.798604011535645,8.798604011535645,0,FCAP,2035
2006-02-23,8.915913581848145,8.915913581848145,8.915913581848145,8.915913581848145,110,FCAP,2035
2006-02-24,8.915913581848145,8.915913581848145,8.915913581848145,8.915913581848145,0,FCAP,2035
2006-02-27,8.915913581848145,8.915913581848145,8.915913581848145,8.915913581848145,0,FCAP,2035
2006-02-28,9.150543212890625,9.150543212890625,9.033227937819696,9.033227937819696,330,FCAP,2035
2006-03-01,8.761056900024414,8.761056900024414,8.761056900024414,8.761056900024414,990,FCAP,2035
2006-03-02,8.761056900024414,8.761056900024414,8.761056900024414,8.761056900024414,0,FCAP,2035
2006-03-03,8.761056900024414,8.761056900024414,8.761056900024414,8.761056900024414,0,FCAP,2035
2006-03-06,9.150543212890625,9.150543212890625,8.751672065284435,8.751672065284435,330,FCAP,2035
2006-03-07,9.150543212890625,9.150543212890625,9.150543212890625,9.150543212890625,0,FCAP,2035
2006-03-08,9.145848274230957,9.145848274230957,9.145848274230957,9.145848274230957,440,FCAP,2035
2006-03-09,9.145848274230957,9.145848274230957,9.145848274230957,9.145848274230957,0,FCAP,2035
2006-03-10,8.915913581848145,8.915913581848145,8.915913581848145,8.915913581848145,1870,FCAP,2035
2006-03-13,8.915913581848145,8.915913581848145,8.915913581848145,8.915913581848145,0,FCAP,2035
2006-03-14,8.996407508850098,8.996407508850098,8.996407508850098,8.996407508850098,0,FCAP,2035
2006-03-15,9.342062950134277,9.342062950134277,9.342062950134277,9.342062950134277,220,FCAP,2035
2006-03-16,9.209480285644531,9.209480285644531,9.209480285644531,9.209480285644531,220,FCAP,2035
2006-03-17,9.209480285644531,9.209480285644531,9.209480285644531,9.209480285644531,0,FCAP,2035
2006-03-20,9.209480285644531,9.209480285644531,9.209480285644531,9.209480285644531,0,FCAP,2035
2006-03-21,9.005878448486328,9.005878448486328,9.005878448486328,9.005878448486328,1320,FCAP,2035
2006-03-22,9.005878448486328,9.005878448486328,9.005878448486328,9.005878448486328,0,FCAP,2035
2006-03-23,9.005878448486328,9.005878448486328,9.005878448486328,9.005878448486328,0,FCAP,2035
2006-03-24,9.005878448486328,9.005878448486328,9.005878448486328,9.005878448486328,0,FCAP,2035
2006-03-27,8.949057579040527,8.949057579040526,8.949057579040526,8.949057579040526,330,FCAP,2035
2006-03-28,8.949057579040527,8.949057579040526,8.949057579040526,8.949057579040526,0,FCAP,2035
2006-03-29,9.346793174743652,9.346793174743652,9.308912611961361,9.308912611961361,2200,FCAP,2035
2006-03-30,9.465170860290527,9.465170860290527,9.422555580428982,9.422555580428982,4070,FCAP,2035
2006-03-31,9.77767562866211,9.77767562866211,9.043758491635803,9.469904278546483,3960,FCAP,2035
2006-04-03,9.77767562866211,9.77767562866211,9.77767562866211,9.77767562866211,220,FCAP,2035
2006-04-04,9.77767562866211,9.77767562866211,9.77767562866211,9.77767562866211,0,FCAP,2035
2006-04-05,9.77767562866211,9.77767562866211,9.77767562866211,9.77767562866211,0,FCAP,2035
2006-04-06,9.77767562866211,9.77767562866211,9.77767562866211,9.77767562866211,0,FCAP,2035
2006-04-07,9.77767562866211,9.77767562866211,9.469904278546483,9.469904278546483,330,FCAP,2035
2006-04-10,9.77767562866211,9.77767562866211,9.77767562866211,9.77767562866211,0,FCAP,2035
2006-04-11,9.484103202819824,9.484103202819824,9.465163424460213,9.465163424460213,330,FCAP,2035
2006-04-12,9.588275909423828,9.588275909423828,9.469901507269919,9.469901507269919,550,FCAP,2035
2006-04-13,9.588275909423828,9.588275909423828,9.588275909423828,9.588275909423828,0,FCAP,2035
2006-04-17,9.588275909423828,9.588275909423828,9.588275909423828,9.588275909423828,0,FCAP,2035
2006-04-18,9.020085334777832,9.299447536885227,8.522915010997085,9.299447536885227,12650,FCAP,2035
2006-04-19,8.930116653442383,9.114779796901956,8.887502387546224,9.076900228676001,7700,FCAP,2035
2006-04-20,9.110047340393066,9.247360560634519,9.081637160518337,9.247360560634519,1430,FCAP,2035
2006-04-21,9.110047340393066,9.110047340393066,9.110047340393066,9.110047340393066,0,FCAP,2035
2006-04-24,8.89696979522705,9.266295999635547,8.797536199206277,9.266295999635547,3630,FCAP,2035
2006-04-25,8.77859878540039,8.77859878540039,8.764393698302491,8.764393698302491,660,FCAP,2035
2006-04-26,8.849628448486328,8.849628448486328,8.849628448486328,8.849628448486328,110,FCAP,2035
2006-04-27,8.849628448486328,8.849628448486328,8.849628448486328,8.849628448486328,330,FCAP,2035
2006-04-28,8.849628448486328,8.849628448486328,8.849628448486328,8.849628448486328,0,FCAP,2035
2006-05-01,8.958528518676758,8.958528518676758,8.759660251206357,8.759660251206357,2310,FCAP,2035
2006-05-02,8.967995643615723,8.967995643615723,8.963260946250704,8.963260946250704,220,FCAP,2035
2006-05-03,9.086373329162598,9.086373329162598,9.086373329162598,9.086373329162598,110,FCAP,2035
2006-05-04,9.11951732635498,9.11951732635498,9.11951732635498,9.11951732635498,110,FCAP,2035
2006-05-05,9.11951732635498,9.11951732635498,9.11951732635498,9.11951732635498,0,FCAP,2035
2006-05-08,9.233155250549316,9.313649093893826,9.233155250549316,9.313649093893826,440,FCAP,2035
2006-05-09,8.878039360046387,9.233160815236298,8.878039360046387,9.233160815236298,2420,FCAP,2035
2006-05-10,8.878039360046387,8.878039360046387,8.878039360046387,8.878039360046387,330,FCAP,2035
2006-05-11,8.878039360046387,8.878039360046387,8.878039360046387,8.878039360046387,0,FCAP,2035
2006-05-12,8.878039360046387,8.878039360046387,8.878039360046387,8.878039360046387,0,FCAP,2035
2006-05-15,8.878039360046387,8.878039360046387,8.878039360046387,8.878039360046387,0,FCAP,2035
2006-05-16,8.878039360046387,8.878039360046387,8.878039360046387,8.878039360046387,0,FCAP,2035
2006-05-17,8.764396667480469,8.878036409330022,8.764396667480469,8.878036409330022,990,FCAP,2035
2006-05-18,8.764396667480469,8.764396667480469,8.764396667480469,8.764396667480469,0,FCAP,2035
2006-05-19,8.764396667480469,8.764396667480469,8.764396667480469,8.764396667480469,0,FCAP,2035
2006-05-22,8.764396667480469,8.764396667480469,8.764396667480469,8.764396667480469,0,FCAP,2035
2006-05-23,8.764396667480469,8.764396667480469,8.764396667480469,8.764396667480469,0,FCAP,2035
2006-05-24,8.764396667480469,8.764396667480469,8.764396667480469,8.764396667480469,0,FCAP,2035
2006-05-25,8.764396667480469,8.764396667480469,8.764396667480469,8.764396667480469,0,FCAP,2035
2006-05-26,8.764396667480469,8.764396667480469,8.764396667480469,8.764396667480469,0,FCAP,2035
2006-05-30,8.764396667480469,8.90170990679289,8.764396667480469,8.90170990679289,330,FCAP,2035
2006-05-31,8.764396667480469,8.764396667480469,8.764396667480469,8.764396667480469,0,FCAP,2035
2006-06-01,8.764396667480469,8.764396667480469,8.764396667480469,8.764396667480469,0,FCAP,2035
2006-06-02,8.432948112487793,8.76439489159425,8.314574688563633,8.76439489159425,7480,FCAP,2035
2006-06-05,8.432948112487793,8.432948112487793,8.432948112487793,8.432948112487793,0,FCAP,2035
2006-06-06,8.432948112487793,8.432948112487793,8.432948112487793,8.432948112487793,0,FCAP,2035
2006-06-07,8.432948112487793,8.432948112487793,8.432948112487793,8.432948112487793,0,FCAP,2035
2006-06-08,8.432948112487793,8.432948112487793,8.432948112487793,8.432948112487793,0,FCAP,2035
2006-06-09,8.404539108276367,8.414008505546057,8.404539108276367,8.414008505546057,1980,FCAP,2035
2006-06-12,8.404539108276367,8.404539108276367,8.404539108276367,8.404539108276367,0,FCAP,2035
2006-06-13,8.404539108276367,8.404539108276367,8.404539108276367,8.404539108276367,0,FCAP,2035
2006-06-14,8.839587211608887,8.90651699569795,8.471469888482494,8.471469888482494,1210,FCAP,2035
2006-06-15,8.66747760772705,8.849145982218694,8.66747760772705,8.849145982218694,770,FCAP,2035
2006-06-16,8.380636215209961,8.490592862695031,8.380636215209961,8.438005533205029,1430,FCAP,2035
2006-06-19,8.380636215209961,8.825244793655306,8.380636215209961,8.414101107394284,2200,FCAP,2035
2006-06-20,8.610116004943848,8.772661581348242,8.418886505079618,8.418886505079618,1650,FCAP,2035
2006-06-21,8.610116004943848,8.610116004943846,8.610116004943846,8.610116004943846,0,FCAP,2035
2006-06-22,8.610116004943848,8.610116004943846,8.610116004943846,8.610116004943846,0,FCAP,2035
2006-06-23,8.610116004943848,8.610116004943846,8.610116004943846,8.610116004943846,0,FCAP,2035
2006-06-26,8.610116004943848,8.610116004943846,8.610116004943846,8.610116004943846,0,FCAP,2035
2006-06-27,8.610116004943848,8.610116004943846,8.610116004943846,8.610116004943846,0,FCAP,2035
2006-06-28,8.610116004943848,8.610116004943846,8.610116004943846,8.610116004943846,0,FCAP,2035
2006-06-29,8.610116004943848,8.610116004943846,8.610116004943846,8.610116004943846,0,FCAP,2035
2006-06-30,8.844364166259766,8.916074405659984,8.844364166259766,8.916074405659984,3960,FCAP,2035
2006-07-03,9.064282417297363,9.064282417297363,9.064282417297363,9.064282417297363,110,FCAP,2035
2006-07-05,9.064282417297363,9.064282417297363,9.064282417297363,9.064282417297363,0,FCAP,2035
2006-07-06,9.02125358581543,9.02125358581543,8.820462250670507,8.820462250670507,1100,FCAP,2035
2006-07-07,9.045159339904785,9.045159339904785,9.045159339904785,9.045159339904785,110,FCAP,2035
2006-07-10,9.08340072631836,9.08818221159841,9.035593897827113,9.08340072631836,1100,FCAP,2035
2006-07-11,9.08340072631836,9.08340072631836,9.08340072631836,9.08340072631836,330,FCAP,2035
2006-07-12,9.08340072631836,9.08340072631836,9.08340072631836,9.08340072631836,770,FCAP,2035
2006-07-13,9.198142051696777,9.198142051696777,9.183799597676623,9.183799597676623,220,FCAP,2035
2006-07-14,9.322440147399902,9.322440147399902,9.293755243977332,9.293755243977332,1100,FCAP,2035
2006-07-17,9.476385116577148,10.85945305612103,9.476385116577148,10.85945305612103,400,FCAP,2035
2006-07-18,9.476385116577148,9.476385116577148,9.476385116577148,9.476385116577148,0,FCAP,2035
2006-07-19,9.334392547607422,9.334392547607422,9.334392547607422,9.334392547607422,100,FCAP,2035
2006-07-20,9.313356399536133,9.313356399536133,9.266028010119053,9.266028010119053,1200,FCAP,2035
2006-07-21,9.386981964111328,9.386981964111328,9.386981964111328,9.386981964111328,200,FCAP,2035
2006-07-24,9.386981964111328,9.386981964111328,9.386981964111328,9.386981964111328,0,FCAP,2035
2006-07-25,9.386981964111328,9.386981964111328,9.386981964111328,9.386981964111328,0,FCAP,2035
2006-07-26,9.386981964111328,9.386981964111328,9.386981964111328,9.386981964111328,0,FCAP,2035
2006-07-27,9.386981964111328,9.386981964111328,9.386981964111328,9.386981964111328,0,FCAP,2035
2006-07-28,9.386981964111328,9.386981964111328,9.386981964111328,9.386981964111328,0,FCAP,2035
2006-07-31,9.281804084777832,9.281804084777832,9.281804084777832,9.281804084777832,100,FCAP,2035
2006-08-01,9.281804084777832,9.281804084777832,9.281804084777832,9.281804084777832,0,FCAP,2035
2006-08-02,9.281804084777832,9.281804084777832,9.281804084777832,9.281804084777832,0,FCAP,2035
2006-08-03,9.281804084777832,9.281804084777832,9.281804084777832,9.281804084777832,0,FCAP,2035
2006-08-04,9.281804084777832,9.281804084777832,9.281804084777832,9.281804084777832,0,FCAP,2035
2006-08-07,9.281804084777832,9.281804084777832,9.281804084777832,9.281804084777832,0,FCAP,2035
2006-08-08,9.281804084777832,9.281804084777832,9.281804084777832,9.281804084777832,0,FCAP,2035
2006-08-09,9.281804084777832,9.281804084777832,9.281804084777832,9.281804084777832,200,FCAP,2035
2006-08-10,9.281804084777832,9.281804084777832,9.281804084777832,9.281804084777832,400,FCAP,2035
2006-08-11,9.281804084777832,9.281804084777832,9.281804084777832,9.281804084777832,0,FCAP,2035
2006-08-14,9.281804084777832,9.281804084777832,9.281804084777832,9.281804084777832,0,FCAP,2035
2006-08-15,9.281804084777832,9.281804084777832,9.281804084777832,9.281804084777832,0,FCAP,2035
2006-08-16,9.281804084777832,9.281804084777832,9.281804084777832,9.281804084777832,300,FCAP,2035
2006-08-17,10.123214721679688,10.123214721679688,9.281804466282937,9.281804466282937,800,FCAP,2035
2006-08-18,10.123214721679688,10.123214721679688,10.123214721679688,10.123214721679688,0,FCAP,2035
2006-08-21,10.123214721679688,10.123214721679688,10.123214721679688,10.123214721679688,0,FCAP,2035
2006-08-22,10.123214721679688,10.123214721679688,10.123214721679688,10.123214721679688,0,FCAP,2035
2006-08-23,9.465862274169922,9.465862274169922,9.465862274169922,9.465862274169922,200,FCAP,2035
2006-08-24,9.465862274169922,9.465862274169922,9.465862274169922,9.465862274169922,0,FCAP,2035
2006-08-25,9.465862274169922,9.465862274169922,9.465862274169922,9.465862274169922,0,FCAP,2035
2006-08-28,9.465862274169922,9.465862274169922,9.465862274169922,9.465862274169922,0,FCAP,2035
2006-08-29,9.465862274169922,9.465862274169922,9.465862274169922,9.465862274169922,300,FCAP,2035
2006-08-30,9.597332000732422,9.597332000732422,9.597332000732422,9.597332000732422,200,FCAP,2035
2006-08-31,9.597332000732422,9.597332000732422,9.597332000732422,9.597332000732422,0,FCAP,2035
2006-09-01,9.597332000732422,9.597332000732422,9.597332000732422,9.597332000732422,0,FCAP,2035
2006-09-05,9.755093574523926,9.755093574523926,9.755093574523926,9.755093574523926,300,FCAP,2035
2006-09-06,9.465862274169922,9.465862274169922,9.465862274169922,9.465862274169922,200,FCAP,2035
2006-09-07,9.465862274169922,9.465862274169922,9.465862274169922,9.465862274169922,0,FCAP,2035
2006-09-08,9.465862274169922,9.465862274169922,9.465862274169922,9.465862274169922,0,FCAP,2035
2006-09-11,9.465862274169922,9.465862274169922,9.465862274169922,9.465862274169922,0,FCAP,2035
2006-09-12,9.465862274169922,9.465862274169922,9.465862274169922,9.465862274169922,0,FCAP,2035
2006-09-13,9.55611515045166,9.55611515045166,9.55611515045166,9.55611515045166,0,FCAP,2035
2006-09-14,9.55611515045166,9.55611515045166,9.55611515045166,9.55611515045166,0,FCAP,2035
2006-09-15,9.55611515045166,9.55611515045166,9.55611515045166,9.55611515045166,0,FCAP,2035
2006-09-18,9.55611515045166,9.55611515045166,9.55611515045166,9.55611515045166,0,FCAP,2035
2006-09-19,9.55611515045166,9.55611515045166,9.55611515045166,9.55611515045166,0,FCAP,2035
2006-09-20,9.55611515045166,9.55611515045166,9.55611515045166,9.55611515045166,0,FCAP,2035
2006-09-21,9.821558952331543,9.821558952331543,9.821558952331543,9.821558952331543,100,FCAP,2035
2006-09-22,9.407464027404785,9.688838891249155,9.407464027404785,9.688838891249155,1600,FCAP,2035
2006-09-25,9.407464027404785,9.407464027404785,9.407464027404785,9.407464027404785,0,FCAP,2035
2006-09-26,9.821558952331543,9.821558952331543,9.81624988003426,9.81624988003426,300,FCAP,2035
2006-09-27,9.90119743347168,9.90119743347168,9.90119743347168,9.90119743347168,100,FCAP,2035
2006-09-28,9.90119743347168,9.90119743347168,9.90119743347168,9.90119743347168,0,FCAP,2035
2006-09-29,9.9542875289917,10.033921626703135,9.94366937926951,9.94366937926951,3900,FCAP,2035
2006-10-02,9.9542875289917,9.9542875289917,9.9542875289917,9.9542875289917,600,FCAP,2035
2006-10-03,9.9542875289917,9.9542875289917,9.9542875289917,9.9542875289917,0,FCAP,2035
2006-10-04,9.9542875289917,9.9542875289917,9.9542875289917,9.9542875289917,0,FCAP,2035
2006-10-05,9.9542875289917,9.9542875289917,9.9542875289917,9.9542875289917,200,FCAP,2035
2006-10-06,9.9542875289917,9.9542875289917,9.9542875289917,9.9542875289917,0,FCAP,2035
2006-10-09,9.587971687316895,9.587971687316895,9.587971687316895,9.587971687316895,300,FCAP,2035
2006-10-10,10.049847602844238,10.04984760284424,10.04984760284424,10.04984760284424,100,FCAP,2035
2006-10-11,9.688840866088867,10.060468044075781,9.688840866088869,9.821564713569538,1800,FCAP,2035
2006-10-12,9.688840866088867,9.688840866088869,9.688840866088869,9.688840866088869,0,FCAP,2035
2006-10-13,9.688840866088867,9.688840866088869,9.688840866088869,9.688840866088869,0,FCAP,2035
2006-10-16,9.688840866088867,9.688840866088869,9.688840866088869,9.688840866088869,0,FCAP,2035
2006-10-17,9.688840866088867,9.688840866088869,9.688840866088869,9.688840866088869,0,FCAP,2035
2006-10-18,9.688840866088867,9.688840866088869,9.688840866088869,9.688840866088869,0,FCAP,2035
2006-10-19,9.688840866088867,9.688840866088869,9.688840866088869,9.688840866088869,0,FCAP,2035
2006-10-20,9.688840866088867,9.688840866088869,9.688840866088869,9.688840866088869,0,FCAP,2035
2006-10-23,9.688840866088867,9.688840866088869,9.688840866088869,9.688840866088869,0,FCAP,2035
2006-10-24,9.688840866088867,9.688840866088869,9.688840866088869,9.688840866088869,0,FCAP,2035
2006-10-25,9.821558952331543,9.821558952331543,9.821558952331543,9.821558952331543,500,FCAP,2035
2006-10-26,9.821558952331543,9.821558952331543,9.821558952331543,9.821558952331543,1300,FCAP,2035
2006-10-27,9.635750770568848,9.82156435273571,9.635750770568848,9.82156435273571,1500,FCAP,2035
2006-10-30,9.821558952331543,9.821558952331543,9.6357454723346,9.741924893076282,500,FCAP,2035
2006-10-31,9.821558952331543,9.821558952331543,9.821558952331543,9.821558952331543,200,FCAP,2035
2006-11-01,9.821558952331543,9.821558952331543,9.821558952331543,9.821558952331543,0,FCAP,2035
2006-11-02,9.821558952331543,9.821558952331543,9.821558952331543,9.821558952331543,0,FCAP,2035
2006-11-03,9.821558952331543,9.821558952331543,9.821558952331543,9.821558952331543,0,FCAP,2035
2006-11-06,9.688840866088867,9.688840866088869,9.688840866088869,9.688840866088869,200,FCAP,2035
2006-11-07,9.688840866088867,9.688840866088869,9.688840866088869,9.688840866088869,0,FCAP,2035
2006-11-08,9.688840866088867,9.688840866088869,9.688840866088869,9.688840866088869,0,FCAP,2035
2006-11-09,9.688840866088867,9.688840866088869,9.688840866088869,9.688840866088869,0,FCAP,2035
2006-11-10,9.688840866088867,9.688840866088869,9.688840866088869,9.688840866088869,0,FCAP,2035
2006-11-13,9.688840866088867,9.688840866088869,9.688840866088869,9.688840866088869,0,FCAP,2035
2006-11-14,9.821558952331543,9.821558952331543,9.821558952331543,9.821558952331543,100,FCAP,2035
2006-11-15,9.821558952331543,9.821558952331543,9.821558952331543,9.821558952331543,0,FCAP,2035
2006-11-16,9.821558952331543,9.821558952331543,9.821558952331543,9.821558952331543,0,FCAP,2035
2006-11-17,9.821558952331543,9.821558952331543,9.821558952331543,9.821558952331543,0,FCAP,2035
2006-11-20,9.821558952331543,9.821558952331543,9.821558952331543,9.821558952331543,0,FCAP,2035
2006-11-21,9.848104476928711,9.848104476928711,9.848104476928711,9.848104476928711,100,FCAP,2035
2006-11-22,9.848104476928711,9.848104476928711,9.848104476928711,9.848104476928711,0,FCAP,2035
2006-11-24,9.848104476928711,9.848104476928711,9.848104476928711,9.848104476928711,0,FCAP,2035
2006-11-27,9.848104476928711,9.848104476928711,9.848104476928711,9.848104476928711,0,FCAP,2035
2006-11-28,9.848104476928711,9.848104476928711,9.848104476928711,9.848104476928711,0,FCAP,2035
2006-11-29,9.848104476928711,9.848104476928711,9.848104476928711,9.848104476928711,0,FCAP,2035
2006-11-30,9.848104476928711,9.848104476928711,9.848104476928711,9.848104476928711,200,FCAP,2035
2006-12-01,9.848104476928711,9.848104476928711,9.848104476928711,9.848104476928711,0,FCAP,2035
2006-12-04,9.848104476928711,9.848104476928711,9.848104476928711,9.848104476928711,0,FCAP,2035
2006-12-05,9.848104476928711,9.848104476928711,9.848104476928711,9.848104476928711,400,FCAP,2035
2006-12-06,9.848104476928711,9.848104476928711,9.848104476928711,9.848104476928711,0,FCAP,2035
2006-12-07,9.848104476928711,9.848104476928711,9.848104476928711,9.848104476928711,100,FCAP,2035
2006-12-08,9.848104476928711,9.848104476928711,9.848104476928711,9.848104476928711,0,FCAP,2035
2006-12-11,9.848104476928711,9.848104476928711,9.848104476928711,9.848104476928711,100,FCAP,2035
2006-12-12,9.848104476928711,9.848104476928711,9.848104476928711,9.848104476928711,100,FCAP,2035
2006-12-13,9.939196586608887,9.939196586608887,9.939196586608887,9.939196586608887,200,FCAP,2035
2006-12-14,9.939196586608887,9.939196586608887,9.939196586608887,9.939196586608887,0,FCAP,2035
2006-12-15,9.939196586608887,9.939196586608887,9.939196586608887,9.939196586608887,100,FCAP,2035
2006-12-18,9.939196586608887,9.939196586608887,9.939196586608887,9.939196586608887,0,FCAP,2035
2006-12-19,9.939196586608887,9.939196586608887,9.939196586608887,9.939196586608887,0,FCAP,2035
2006-12-20,9.939196586608887,9.939196586608887,9.939196586608887,9.939196586608887,300,FCAP,2035
2006-12-21,9.939196586608887,9.939196586608887,9.939196586608887,9.939196586608887,0,FCAP,2035
2006-12-22,9.939196586608887,9.939196586608887,9.939196586608887,9.939196586608887,1200,FCAP,2035
2006-12-26,9.939196586608887,9.939196586608887,9.939196586608887,9.939196586608887,0,FCAP,2035
2006-12-27,9.939196586608887,9.939196586608887,9.939196586608887,9.939196586608887,0,FCAP,2035
2006-12-28,9.939196586608887,9.939196586608887,9.939196586608887,9.939196586608887,0,FCAP,2035
2006-12-29,9.939196586608887,10.030283608038424,9.939196586608887,9.992777367797157,5200,FCAP,2035
2007-01-03,9.912403106689453,9.912403106689453,9.912403106689453,9.912403106689453,300,FCAP,2035
2007-01-04,9.912403106689453,9.912403106689453,9.912403106689453,9.912403106689453,0,FCAP,2035
2007-01-05,9.912403106689453,9.912403106689453,9.912403106689453,9.912403106689453,1200,FCAP,2035
2007-01-08,9.724872589111328,9.912404775748865,9.724872589111328,9.912404775748865,500,FCAP,2035
2007-01-09,9.724872589111328,9.724872589111328,9.724872589111328,9.724872589111328,0,FCAP,2035
2007-01-10,9.799884796142578,9.799884796142578,9.799884796142578,9.799884796142578,200,FCAP,2035
2007-01-11,9.939196586608887,9.939196586608887,9.939196586608887,9.939196586608887,300,FCAP,2035
2007-01-12,9.778451919555664,9.778451919555664,9.778451919555664,9.778451919555664,300,FCAP,2035
2007-01-16,9.778451919555664,9.778451919555664,9.778451919555664,9.778451919555664,600,FCAP,2035
2007-01-17,9.740945816040039,9.740945816040039,9.740945816040039,9.740945816040039,100,FCAP,2035
2007-01-18,9.708800315856934,9.82131902905938,9.708800315856934,9.73023201371859,1800,FCAP,2035
2007-01-19,9.992774963378906,9.992774963378906,9.67129137557168,9.67129137557168,300,FCAP,2035
2007-01-22,9.992774963378906,9.992774963378906,9.992774963378906,9.992774963378906,0,FCAP,2035
2007-01-23,9.8588228225708,9.8588228225708,9.8588228225708,9.8588228225708,200,FCAP,2035
2007-01-24,9.644499778747559,9.68736418132994,9.644499778747559,9.68736418132994,700,FCAP,2035
2007-01-25,9.714157104492188,9.740948003261023,9.69272540744541,9.69272540744541,1500,FCAP,2035
2007-01-26,9.714157104492188,9.714157104492188,9.714157104492188,9.714157104492188,0,FCAP,2035
2007-01-29,9.773092269897461,9.773092269897461,9.773092269897461,9.773092269897461,400,FCAP,2035
2007-01-30,9.773092269897461,9.773092269897461,9.773092269897461,9.773092269897461,0,FCAP,2035
2007-01-31,9.773092269897461,9.773092269897461,9.773092269897461,9.773092269897461,0,FCAP,2035
2007-02-01,9.773092269897461,9.773092269897461,9.773092269897461,9.773092269897461,0,FCAP,2035
2007-02-02,9.773092269897461,9.773092269897461,9.773092269897461,9.773092269897461,0,FCAP,2035
2007-02-05,9.773092269897461,9.773092269897461,9.773092269897461,9.773092269897461,0,FCAP,2035
2007-02-06,9.773092269897461,9.773092269897461,9.773092269897461,9.773092269897461,0,FCAP,2035
2007-02-07,9.773092269897461,9.773092269897461,9.773092269897461,9.773092269897461,0,FCAP,2035
2007-02-08,9.773092269897461,9.773092269897461,9.773092269897461,9.773092269897461,0,FCAP,2035
2007-02-09,9.773092269897461,9.773092269897461,9.773092269897461,9.773092269897461,0,FCAP,2035
2007-02-12,9.773092269897461,9.773092269897461,9.773092269897461,9.773092269897461,0,FCAP,2035
2007-02-13,9.773092269897461,9.773092269897461,9.773092269897461,9.773092269897461,0,FCAP,2035
2007-02-14,9.773092269897461,9.773092269897461,9.773092269897461,9.773092269897461,0,FCAP,2035
2007-02-15,9.778451919555664,9.778451919555664,9.778451919555664,9.778451919555664,1100,FCAP,2035
2007-02-16,9.778451919555664,9.778451919555664,9.778451919555664,9.778451919555664,0,FCAP,2035
2007-02-20,9.757017135620117,9.757017135620119,9.757017135620119,9.757017135620119,200,FCAP,2035
2007-02-21,9.708800315856934,9.708800315856934,9.69808395594194,9.69808395594194,300,FCAP,2035
2007-02-22,9.778451919555664,9.778451919555664,9.692723107771798,9.708797643219292,400,FCAP,2035
2007-02-23,9.778451919555664,9.778451919555664,9.778451919555664,9.778451919555664,0,FCAP,2035
2007-02-26,9.778451919555664,9.778451919555664,9.778451919555664,9.778451919555664,0,FCAP,2035
2007-02-27,9.778451919555664,9.778451919555664,9.778451919555664,9.778451919555664,0,FCAP,2035
2007-02-28,9.778451919555664,9.778451919555664,9.778451919555664,9.778451919555664,0,FCAP,2035
2007-03-01,9.778451919555664,9.778451919555664,9.778451919555664,9.778451919555664,0,FCAP,2035
2007-03-02,9.778451919555664,9.778451919555664,9.778451919555664,9.778451919555664,0,FCAP,2035
2007-03-05,9.778451919555664,9.778451919555664,9.778451919555664,9.778451919555664,0,FCAP,2035
2007-03-06,9.778451919555664,9.778451919555664,9.778451919555664,9.778451919555664,0,FCAP,2035
2007-03-07,9.655221939086914,9.692728186147246,9.655221939086914,9.692728186147246,1100,FCAP,2035
2007-03-08,9.773092269897461,9.773092269897461,9.773092269897461,9.773092269897461,300,FCAP,2035
2007-03-09,9.773092269897461,9.773092269897461,9.773092269897461,9.773092269897461,0,FCAP,2035
2007-03-12,9.773092269897461,9.773092269897461,9.773092269897461,9.773092269897461,0,FCAP,2035
2007-03-13,9.682008743286133,9.682008743286133,9.682008743286133,9.682008743286133,100,FCAP,2035
2007-03-14,9.773962020874023,9.773962020874023,9.773962020874023,9.773962020874023,0,FCAP,2035
2007-03-15,9.773962020874023,9.773962020874023,9.773962020874023,9.773962020874023,0,FCAP,2035
2007-03-16,9.773962020874023,9.773962020874023,9.773962020874023,9.773962020874023,0,FCAP,2035
2007-03-19,9.741506576538086,9.7469156433999,9.741506576538086,9.7469156433999,800,FCAP,2035
2007-03-20,9.741506576538086,9.741506576538086,9.741506576538086,9.741506576538086,0,FCAP,2035
2007-03-21,9.741506576538086,9.741506576538086,9.741506576538086,9.741506576538086,0,FCAP,2035
2007-03-22,9.741506576538086,9.741506576538086,9.741506576538086,9.741506576538086,2500,FCAP,2035
2007-03-23,9.611688613891602,9.611688613891602,9.611688613891602,9.611688613891602,100,FCAP,2035
2007-03-26,9.50351333618164,9.50351333618164,9.50351333618164,9.50351333618164,100,FCAP,2035
2007-03-27,9.50351333618164,9.50351333618164,9.50351333618164,9.50351333618164,0,FCAP,2035
2007-03-28,9.73609733581543,9.73609733581543,9.73609733581543,9.73609733581543,1100,FCAP,2035
2007-03-29,9.73609733581543,9.73609733581543,9.73609733581543,9.73609733581543,0,FCAP,2035
2007-03-30,9.725276947021484,9.817228997358843,9.725276947021484,9.736095078043235,4000,FCAP,2035
2007-04-02,9.725276947021484,9.725276947021484,9.725276947021484,9.725276947021484,0,FCAP,2035
2007-04-03,9.725276947021484,9.725276947021484,9.725276947021484,9.725276947021484,0,FCAP,2035
2007-04-04,9.50351333618164,9.51974053769458,9.50351333618164,9.51974053769458,900,FCAP,2035
2007-04-05,9.50351333618164,9.50351333618164,9.50351333618164,9.50351333618164,0,FCAP,2035
2007-04-09,9.50351333618164,9.50351333618164,9.50351333618164,9.50351333618164,0,FCAP,2035
2007-04-10,9.573829650878906,9.573829650878906,9.573829650878906,9.573829650878906,300,FCAP,2035
2007-04-11,9.573829650878906,9.573829650878906,9.573829650878906,9.573829650878906,0,FCAP,2035
2007-04-12,9.573829650878906,9.573829650878906,9.573829650878906,9.573829650878906,0,FCAP,2035
2007-04-13,9.828051567077637,9.828051567077635,9.828051567077635,9.828051567077635,100,FCAP,2035
2007-04-16,9.73609733581543,9.73609733581543,9.73609733581543,9.73609733581543,200,FCAP,2035
2007-04-17,9.730688095092773,9.730688095092773,9.730688095092773,9.730688095092773,300,FCAP,2035
2007-04-18,9.730688095092773,9.730688095092773,9.730688095092773,9.730688095092773,0,FCAP,2035
2007-04-19,9.476466178894043,9.73609513488939,9.476466178894043,9.73609513488939,1200,FCAP,2035
2007-04-20,9.763138771057129,9.763138771057129,9.709050182635826,9.730685411669608,3300,FCAP,2035
2007-04-23,9.763138771057129,9.763138771057129,9.763138771057129,9.763138771057129,0,FCAP,2035
2007-04-24,9.763138771057129,9.763138771057129,9.763138771057129,9.763138771057129,0,FCAP,2035
2007-04-25,9.671189308166504,9.730688009321824,9.600873505443465,9.600873505443465,1400,FCAP,2035
2007-04-26,9.73609733581543,9.73609733581543,9.600873761706882,9.600873761706882,800,FCAP,2035
2007-04-27,9.73609733581543,9.73609733581543,9.73609733581543,9.73609733581543,0,FCAP,2035
2007-04-30,9.844280242919922,9.844280242919922,9.844280242919922,9.844280242919922,100,FCAP,2035
2007-05-01,9.773962020874023,9.773962020874023,9.606285039259024,9.61710317527915,300,FCAP,2035
2007-05-02,9.784778594970703,9.784778594970703,9.600874438681748,9.617101640121621,400,FCAP,2035
2007-05-03,9.784778594970703,9.784778594970703,9.784778594970703,9.784778594970703,0,FCAP,2035
2007-05-04,9.790185928344727,9.790185928344727,9.790185928344727,9.790185928344727,100,FCAP,2035
2007-05-07,9.8388671875,9.8388671875,9.8388671875,9.8388671875,100,FCAP,2035
2007-05-08,9.844280242919922,9.844280242919922,9.844280242919922,9.844280242919922,100,FCAP,2035
2007-05-09,9.617100715637207,9.617100715637207,9.600873515757241,9.600873515757241,400,FCAP,2035
2007-05-10,9.806412696838379,9.806412696838379,9.806412696838379,9.806412696838379,100,FCAP,2035
2007-05-11,9.806412696838379,9.806412696838379,9.806412696838379,9.806412696838379,0,FCAP,2035
2007-05-14,9.725276947021484,9.725276947021484,9.725276947021484,9.725276947021484,100,FCAP,2035
2007-05-15,9.725276947021484,9.725276947021484,9.725276947021484,9.725276947021484,0,FCAP,2035
2007-05-16,9.725276947021484,9.725276947021484,9.725276947021484,9.725276947021484,0,FCAP,2035
2007-05-17,9.725276947021484,9.725276947021484,9.725276947021484,9.725276947021484,0,FCAP,2035
2007-05-18,9.725276947021484,9.725276947021484,9.725276947021484,9.725276947021484,0,FCAP,2035
2007-05-21,9.725276947021484,9.725276947021484,9.725276947021484,9.725276947021484,0,FCAP,2035
2007-05-22,9.725276947021484,9.725276947021484,9.725276947021484,9.725276947021484,0,FCAP,2035
2007-05-23,9.725276947021484,9.725276947021484,9.725276947021484,9.725276947021484,0,FCAP,2035
2007-05-24,9.514333724975586,9.525151861880937,9.514333724975586,9.525151861880937,300,FCAP,2035
2007-05-25,9.719869613647461,9.719869613647461,9.719869613647461,9.719869613647461,100,FCAP,2035
2007-05-29,9.546784400939941,9.730688549563009,9.546784400939941,9.730688549563009,2300,FCAP,2035
2007-05-30,9.546784400939941,9.546784400939941,9.546784400939941,9.546784400939941,0,FCAP,2035
2007-05-31,9.546784400939941,9.546784400939941,9.546784400939941,9.546784400939941,0,FCAP,2035
2007-06-01,9.73609733581543,9.73609733581543,9.73609733581543,9.73609733581543,2700,FCAP,2035
2007-06-04,9.73609733581543,9.73609733581543,9.73609733581543,9.73609733581543,300,FCAP,2035
2007-06-05,9.73609733581543,9.73609733581543,9.73609733581543,9.73609733581543,0,FCAP,2035
2007-06-06,9.73609733581543,9.73609733581543,9.73609733581543,9.73609733581543,0,FCAP,2035
2007-06-07,9.73609733581543,9.73609733581543,9.73609733581543,9.73609733581543,0,FCAP,2035
2007-06-08,9.73609733581543,9.73609733581543,9.73609733581543,9.73609733581543,0,FCAP,2035
2007-06-11,9.682007789611816,9.698234990057946,9.600873850729188,9.600873850729188,1400,FCAP,2035
2007-06-12,9.579237937927246,9.579237937927246,9.579237937927246,9.579237937927246,100,FCAP,2035
2007-06-13,9.672077178955078,9.672077178955078,9.672077178955078,9.672077178955078,0,FCAP,2035
2007-06-14,9.672077178955078,9.672077178955078,9.672077178955078,9.672077178955078,0,FCAP,2035
2007-06-15,9.672077178955078,9.672077178955078,9.672077178955078,9.672077178955078,0,FCAP,2035
2007-06-18,9.672077178955078,9.672077178955078,9.672077178955078,9.672077178955078,0,FCAP,2035
2007-06-19,9.693924903869629,9.693924903869629,9.62838805181724,9.62838805181724,200,FCAP,2035
2007-06-20,9.693924903869629,9.693924903869629,9.693924903869629,9.693924903869629,0,FCAP,2035
2007-06-21,9.693924903869629,9.693924903869629,9.693924903869629,9.693924903869629,0,FCAP,2035
2007-06-22,9.693924903869629,9.693924903869629,9.693924903869629,9.693924903869629,0,FCAP,2035
2007-06-25,9.693924903869629,9.693924903869629,9.693924903869629,9.693924903869629,1100,FCAP,2035
2007-06-26,9.693924903869629,9.693924903869629,9.693924903869629,9.693924903869629,0,FCAP,2035
2007-06-27,9.693924903869629,9.693924903869629,9.693924903869629,9.693924903869629,0,FCAP,2035
2007-06-28,9.82499885559082,9.830460347451282,9.819537363730358,9.819537363730358,1100,FCAP,2035
2007-06-29,9.830460548400879,9.912380844636271,9.830460548400879,9.830460548400879,5100,FCAP,2035
2007-07-02,9.830460548400879,9.830460548400879,9.830460548400879,9.830460548400879,500,FCAP,2035
2007-07-03,9.73762035369873,9.73762035369873,9.693929445751014,9.693929445751014,300,FCAP,2035
2007-07-05,9.923303604125977,9.923303604125978,9.923303604125978,9.923303604125978,200,FCAP,2035
2007-07-06,9.830460548400879,9.830460548400879,9.284323851267498,9.693926374117535,1400,FCAP,2035
2007-07-09,9.830460548400879,9.830460548400879,9.830460548400879,9.830460548400879,0,FCAP,2035
2007-07-10,9.830460548400879,9.830460548400879,9.830460548400879,9.830460548400879,0,FCAP,2035
2007-07-11,9.830460548400879,9.830460548400879,9.830460548400879,9.830460548400879,0,FCAP,2035
2007-07-12,9.830460548400879,9.830460548400879,9.830460548400879,9.830460548400879,0,FCAP,2035
2007-07-13,9.721235275268555,9.721235275268555,9.721235275268555,9.721235275268555,100,FCAP,2035
2007-07-16,9.721235275268555,9.721235275268555,9.721235275268555,9.721235275268555,0,FCAP,2035
2007-07-17,9.284326553344727,9.4536286870607,9.284326553344727,9.431783754487697,1900,FCAP,2035
2007-07-18,9.278858184814453,9.278858184814453,9.278858184814453,9.278858184814453,100,FCAP,2035
2007-07-19,9.278858184814453,9.278858184814453,9.278858184814453,9.278858184814453,0,FCAP,2035
2007-07-20,9.278858184814453,9.278858184814453,9.278858184814453,9.278858184814453,0,FCAP,2035
2007-07-23,9.278858184814453,9.278858184814453,9.278858184814453,9.278858184814453,0,FCAP,2035
2007-07-24,9.278858184814453,9.278858184814453,9.278858184814453,9.278858184814453,0,FCAP,2035
2007-07-25,8.951177597045898,8.956639087470906,8.951177597045898,8.956639087470906,200,FCAP,2035
2007-07-26,8.945717811584473,8.945717811584473,8.945717811584473,8.945717811584473,600,FCAP,2035
2007-07-27,8.852876663208008,8.945719957049267,8.852876663208008,8.940259505946754,400,FCAP,2035
2007-07-30,8.852876663208008,8.852876663208008,8.852876663208008,8.852876663208008,0,FCAP,2035
2007-07-31,8.852876663208008,8.852876663208008,8.852876663208008,8.852876663208008,0,FCAP,2035
2007-08-01,9.207862854003906,9.207862854003906,9.207862854003906,9.207862854003906,100,FCAP,2035
2007-08-02,9.207862854003906,9.207862854003906,9.207862854003906,9.207862854003906,0,FCAP,2035
2007-08-03,9.207862854003906,9.207862854003906,9.207862854003906,9.207862854003906,0,FCAP,2035
2007-08-06,9.207862854003906,9.207862854003906,9.207862854003906,9.207862854003906,0,FCAP,2035
2007-08-07,9.207862854003906,9.207862854003906,9.207862854003906,9.207862854003906,0,FCAP,2035
2007-08-08,9.284326553344727,9.284326553344727,9.27886505978313,9.27886505978313,500,FCAP,2035
2007-08-09,9.284326553344727,9.284326553344727,9.284326553344727,9.284326553344727,0,FCAP,2035
2007-08-10,9.284326553344727,9.284326553344727,9.284326553344727,9.284326553344727,0,FCAP,2035
2007-08-13,9.284326553344727,9.284326553344727,9.284326553344727,9.284326553344727,0,FCAP,2035
2007-08-14,9.284326553344727,9.284326553344727,9.284326553344727,9.284326553344727,0,FCAP,2035
2007-08-15,9.284326553344727,9.284326553344727,9.284326553344727,9.284326553344727,0,FCAP,2035
2007-08-16,9.071331024169922,9.071331024169922,9.071331024169922,9.071331024169922,200,FCAP,2035
2007-08-17,9.071331024169922,9.071331024169922,9.071331024169922,9.071331024169922,0,FCAP,2035
2007-08-20,9.071331024169922,9.071331024169922,9.071331024169922,9.071331024169922,0,FCAP,2035
2007-08-21,9.071331024169922,9.071331024169922,9.071331024169922,9.071331024169922,0,FCAP,2035
2007-08-22,9.071331024169922,9.071331024169922,9.071331024169922,9.071331024169922,0,FCAP,2035
2007-08-23,9.071331024169922,9.071331024169922,9.071331024169922,9.071331024169922,0,FCAP,2035
2007-08-24,9.071331024169922,9.071331024169922,9.071331024169922,9.071331024169922,0,FCAP,2035
2007-08-27,9.071331024169922,9.071331024169922,9.071331024169922,9.071331024169922,0,FCAP,2035
2007-08-28,9.071331024169922,9.071331024169922,9.071331024169922,9.071331024169922,0,FCAP,2035
2007-08-29,9.071331024169922,9.071331024169922,9.071331024169922,9.071331024169922,0,FCAP,2035
2007-08-30,9.071331024169922,9.071331024169922,9.071331024169922,9.071331024169922,0,FCAP,2035
2007-08-31,9.175097465515137,9.175097465515137,9.175097465515137,9.175097465515137,100,FCAP,2035
2007-09-04,8.820104598999023,9.093172859287987,8.760030290072917,9.093172859287987,2400,FCAP,2035
2007-09-05,8.820104598999023,8.820104598999023,8.820104598999023,8.820104598999023,0,FCAP,2035
2007-09-06,8.820104598999023,8.820104598999023,8.820104598999023,8.820104598999023,0,FCAP,2035
2007-09-07,8.820104598999023,8.820104598999023,8.820104598999023,8.820104598999023,0,FCAP,2035
2007-09-10,8.820104598999023,8.820104598999023,8.820104598999023,8.820104598999023,0,FCAP,2035
2007-09-11,8.820104598999023,8.820104598999023,8.820104598999023,8.820104598999023,0,FCAP,2035
2007-09-12,8.91393756866455,8.913937568664553,8.913937568664553,8.913937568664553,0,FCAP,2035
2007-09-13,9.189909934997559,9.189909934997559,9.189909934997559,9.189909934997559,300,FCAP,2035
2007-09-14,9.189909934997559,9.189909934997559,9.189909934997559,9.189909934997559,0,FCAP,2035
2007-09-17,9.189909934997559,9.189909934997559,9.189909934997559,9.189909934997559,0,FCAP,2035
2007-09-18,8.886340141296387,8.908417457045994,8.886340141296387,8.908417457045994,700,FCAP,2035
2007-09-19,8.886340141296387,8.886340141296387,8.886340141296387,8.886340141296387,0,FCAP,2035
2007-09-20,8.869782447814941,8.891860819014614,8.869782447814941,8.891860819014614,500,FCAP,2035
2007-09-21,8.875304222106934,8.875304222106934,8.875304222106934,8.875304222106934,200,FCAP,2035
2007-09-24,8.875304222106934,8.875304222106934,8.875304222106934,8.875304222106934,0,FCAP,2035
2007-09-25,8.875304222106934,8.875304222106934,8.875304222106934,8.875304222106934,0,FCAP,2035
2007-09-26,8.875304222106934,8.875304222106934,8.875304222106934,8.875304222106934,0,FCAP,2035
2007-09-27,9.11816120147705,9.145758119808532,9.11816120147705,9.145758119808532,200,FCAP,2035
2007-09-28,9.37757396697998,9.377573966979982,9.311340954921858,9.311340954921858,4200,FCAP,2035
2007-10-01,9.37757396697998,9.377573966979982,9.377573966979982,9.377573966979982,0,FCAP,2035
2007-10-02,9.37757396697998,9.377573966979982,9.377573966979982,9.377573966979982,0,FCAP,2035
2007-10-03,9.37757396697998,9.377573966979982,9.377573966979982,9.377573966979982,0,FCAP,2035
2007-10-04,9.37757396697998,9.377573966979982,9.377573966979982,9.377573966979982,0,FCAP,2035
2007-10-05,9.37757396697998,9.377573966979982,9.377573966979982,9.377573966979982,0,FCAP,2035
2007-10-08,9.37757396697998,9.377573966979982,9.355496647212188,9.355496647212188,1100,FCAP,2035
2007-10-09,9.37757396697998,9.377573966979982,9.377573966979982,9.377573966979982,0,FCAP,2035
2007-10-10,9.37757396697998,9.377573966979982,9.377573966979982,9.377573966979982,0,FCAP,2035
2007-10-11,9.11816120147705,9.11816120147705,9.11816120147705,9.11816120147705,100,FCAP,2035
2007-10-12,9.051924705505371,9.134716491137878,9.051924705505371,9.134716491137878,400,FCAP,2035
2007-10-15,9.051924705505371,9.051924705505371,9.051924705505371,9.051924705505371,0,FCAP,2035
2007-10-16,9.465888023376465,9.465888023376465,9.267187878362787,9.272706420296325,1000,FCAP,2035
2007-10-17,9.383094787597656,9.383094787597656,8.980173911144341,9.051926525719702,900,FCAP,2035
2007-10-18,9.383094787597656,9.383094787597656,9.383094787597656,9.383094787597656,0,FCAP,2035
2007-10-19,9.383094787597656,9.383094787597656,9.383094787597656,9.383094787597656,0,FCAP,2035
2007-10-22,9.383094787597656,9.383094787597656,9.383094787597656,9.383094787597656,0,FCAP,2035
2007-10-23,9.383094787597656,9.383094787597656,9.383094787597656,9.383094787597656,0,FCAP,2035
2007-10-24,9.383094787597656,9.383094787597656,9.383094787597656,9.383094787597656,0,FCAP,2035
2007-10-25,9.383094787597656,9.383094787597656,9.383094787597656,9.383094787597656,0,FCAP,2035
2007-10-26,9.383094787597656,9.383094787597656,9.383094787597656,9.383094787597656,0,FCAP,2035
2007-10-29,9.383094787597656,9.383094787597656,9.383094787597656,9.383094787597656,0,FCAP,2035
2007-10-30,9.383094787597656,9.383094787597656,9.383094787597656,9.383094787597656,0,FCAP,2035
2007-10-31,9.024328231811523,9.024328231811523,9.024328231811523,9.024328231811523,400,FCAP,2035
2007-11-01,9.024328231811523,9.024328231811523,9.024328231811523,9.024328231811523,0,FCAP,2035
2007-11-02,9.024328231811523,9.024328231811523,8.99673026676034,8.99673026676034,400,FCAP,2035
2007-11-05,9.024328231811523,9.024328231811523,9.024328231811523,9.024328231811523,300,FCAP,2035
2007-11-06,9.002250671386719,9.024329045418186,9.002250671386719,9.024329045418186,200,FCAP,2035
2007-11-07,8.974656105041504,9.377577061756602,8.974656105041504,9.377577061756602,200,FCAP,2035
2007-11-08,8.974656105041504,8.974656105041504,8.974656105041504,8.974656105041504,0,FCAP,2035
2007-11-09,8.974656105041504,8.974656105041504,8.974656105041504,8.974656105041504,0,FCAP,2035
2007-11-12,8.974656105041504,8.974656105041504,8.974656105041504,8.974656105041504,0,FCAP,2035
2007-11-13,8.853221893310547,8.853221893310547,8.853221893310547,8.853221893310547,100,FCAP,2035
2007-11-14,8.853221893310547,8.869779613664951,8.853221893310547,8.869779613664951,200,FCAP,2035
2007-11-15,8.858745574951172,8.875304357673897,8.858745574951172,8.875304357673897,200,FCAP,2035
2007-11-16,8.853221893310547,8.853221893310547,8.853221893310547,8.853221893310547,200,FCAP,2035
2007-11-19,8.853221893310547,8.869779613664951,8.853221893310547,8.869779613664951,200,FCAP,2035
2007-11-20,8.853221893310547,8.869779613664951,8.853221893310547,8.853221893310547,500,FCAP,2035
2007-11-21,8.853221893310547,8.853221893310547,8.853221893310547,8.853221893310547,1200,FCAP,2035
2007-11-23,8.853221893310547,8.853221893310547,8.853221893310547,8.853221893310547,0,FCAP,2035
2007-11-26,8.836668014526367,8.836668014526367,8.836668014526367,8.836668014526367,700,FCAP,2035
2007-11-27,8.836668014526367,8.836668014526367,8.836668014526367,8.836668014526367,0,FCAP,2035
2007-11-28,8.836668014526367,8.836668014526367,8.836668014526367,8.836668014526367,100,FCAP,2035
2007-11-29,8.842185974121094,8.853225160267199,8.842185974121094,8.853225160267199,200,FCAP,2035
2007-11-30,8.836668014526367,8.853226796806453,8.836668014526367,8.853226796806453,400,FCAP,2035
2007-12-03,8.836668014526367,8.836668014526367,8.836668014526367,8.836668014526367,400,FCAP,2035
2007-12-04,8.649001121520996,8.70419597839867,8.649001121520996,8.70419597839867,1200,FCAP,2035
2007-12-05,8.649001121520996,8.649001121520996,8.649001121520996,8.649001121520996,300,FCAP,2035
2007-12-06,8.649001121520996,8.649001121520996,8.649001121520996,8.649001121520996,0,FCAP,2035
2007-12-07,8.649001121520996,8.649001121520996,8.649001121520996,8.649001121520996,100,FCAP,2035
2007-12-10,8.649001121520996,8.649001121520996,8.649001121520996,8.649001121520996,200,FCAP,2035
2007-12-11,8.649001121520996,8.649001121520996,8.649001121520996,8.649001121520996,100,FCAP,2035
2007-12-12,8.842185974121094,8.842185974121094,8.842185974121094,8.842185974121094,700,FCAP,2035
2007-12-13,9.204798698425293,9.204798698425293,9.204798698425293,9.204798698425293,400,FCAP,2035
2007-12-14,9.204798698425293,9.204798698425293,9.204798698425293,9.204798698425293,0,FCAP,2035
2007-12-17,8.925865173339844,8.925865173339844,8.925865173339844,8.925865173339844,500,FCAP,2035
2007-12-18,8.6692476272583,8.708298122094423,8.6692476272583,8.708298122094423,1200,FCAP,2035
2007-12-19,8.6692476272583,8.6692476272583,8.6692476272583,8.6692476272583,0,FCAP,2035
2007-12-20,8.462836265563965,8.646932198848575,8.462836265563965,8.646932198848575,2000,FCAP,2035
2007-12-21,8.925865173339844,8.925865173339844,8.457257166615818,8.457257166615818,5900,FCAP,2035
2007-12-24,8.925865173339844,8.925865173339844,8.925865173339844,8.925865173339844,0,FCAP,2035
2007-12-26,8.462836265563965,9.204798792322677,8.462836265563965,8.591145326691947,2100,FCAP,2035
2007-12-27,8.462836265563965,8.462836265563965,8.462836265563965,8.462836265563965,0,FCAP,2035
2007-12-28,8.462836265563965,8.462836265563965,8.462836265563965,8.462836265563965,0,FCAP,2035
2007-12-31,9.204798698425293,9.204798698425293,8.925865404533617,9.19921990486193,5400,FCAP,2035
2008-01-02,9.422364234924316,9.422364234924316,9.204796654494567,9.204796654494567,1200,FCAP,2035
2008-01-03,9.07648754119873,9.07648754119873,9.07648754119873,9.07648754119873,300,FCAP,2035
2008-01-04,9.422364234924316,9.422364234924316,9.422364234924316,9.422364234924316,100,FCAP,2035
2008-01-07,9.204798698425293,9.204798698425293,9.204798698425293,9.204798698425293,500,FCAP,2035
2008-01-08,9.204798698425293,9.204798698425293,9.204798698425293,9.204798698425293,0,FCAP,2035
2008-01-09,9.204798698425293,9.204798698425293,9.204798698425293,9.204798698425293,2400,FCAP,2035
2008-01-10,9.400052070617676,9.400052070617676,9.400052070617676,9.400052070617676,100,FCAP,2035
2008-01-11,9.400052070617676,9.400052070617676,9.400052070617676,9.400052070617676,0,FCAP,2035
2008-01-14,9.400052070617676,9.400052070617676,9.400052070617676,9.400052070617676,0,FCAP,2035
2008-01-15,9.400052070617676,9.400052070617676,9.400052070617676,9.400052070617676,0,FCAP,2035
2008-01-16,9.400052070617676,9.400052070617676,9.400052070617676,9.400052070617676,0,FCAP,2035
2008-01-17,9.400052070617676,9.400052070617676,9.400052070617676,9.400052070617676,0,FCAP,2035
2008-01-18,9.400052070617676,9.400052070617676,9.400052070617676,9.400052070617676,0,FCAP,2035
2008-01-22,9.070911407470703,9.070911407470703,9.070911407470703,9.070911407470703,200,FCAP,2035
2008-01-23,9.065332412719727,9.065332412719727,8.546516295159773,8.546516295159773,300,FCAP,2035
2008-01-24,9.065332412719727,9.065332412719727,9.065332412719727,9.065332412719727,0,FCAP,2035
2008-01-25,9.065332412719727,9.065332412719727,9.065332412719727,9.065332412719727,300,FCAP,2035
2008-01-28,9.065332412719727,9.065332412719727,9.065332412719727,9.065332412719727,0,FCAP,2035
2008-01-29,9.065332412719727,9.065332412719727,9.065332412719727,9.065332412719727,0,FCAP,2035
2008-01-30,9.065332412719727,9.065332412719727,9.065332412719727,9.065332412719727,0,FCAP,2035
2008-01-31,8.92028522491455,8.92028522491455,8.92028522491455,8.92028522491455,200,FCAP,2035
2008-02-01,8.92028522491455,8.92028522491455,8.92028522491455,8.92028522491455,0,FCAP,2035
2008-02-04,8.92028522491455,8.92028522491455,8.92028522491455,8.92028522491455,0,FCAP,2035
2008-02-05,8.92028522491455,8.92028522491455,8.92028522491455,8.92028522491455,0,FCAP,2035
2008-02-06,8.92028522491455,8.92028522491455,8.92028522491455,8.92028522491455,0,FCAP,2035
2008-02-07,8.92028522491455,8.92028522491455,8.92028522491455,8.92028522491455,0,FCAP,2035
2008-02-08,8.92028522491455,8.92028522491455,8.92028522491455,8.92028522491455,0,FCAP,2035
2008-02-11,8.92028522491455,8.92028522491455,8.92028522491455,8.92028522491455,0,FCAP,2035
2008-02-12,8.92028522491455,8.92028522491455,8.92028522491455,8.92028522491455,0,FCAP,2035
2008-02-13,8.92028522491455,8.92028522491455,8.92028522491455,8.92028522491455,0,FCAP,2035
2008-02-14,8.92028522491455,8.92028522491455,8.92028522491455,8.92028522491455,0,FCAP,2035
2008-02-15,8.92028522491455,8.92028522491455,8.92028522491455,8.92028522491455,0,FCAP,2035
2008-02-19,8.92028522491455,8.92028522491455,8.92028522491455,8.92028522491455,0,FCAP,2035
2008-02-20,8.92028522491455,8.92028522491455,8.92028522491455,8.92028522491455,0,FCAP,2035
2008-02-21,8.92028522491455,8.92028522491455,8.92028522491455,8.92028522491455,0,FCAP,2035
2008-02-22,8.92028522491455,8.92028522491455,8.92028522491455,8.92028522491455,0,FCAP,2035
2008-02-25,8.925865173339844,8.925865173339844,8.925865173339844,8.925865173339844,300,FCAP,2035
2008-02-26,8.858919143676758,9.204796273127277,8.858919143676758,9.204796273127277,800,FCAP,2035
2008-02-27,8.858919143676758,8.858919143676758,8.858919143676758,8.858919143676758,0,FCAP,2035
2008-02-28,8.858919143676758,8.858919143676758,8.858919143676758,8.858919143676758,0,FCAP,2035
2008-02-29,8.925865173339844,8.925865173339844,8.925865173339844,8.925865173339844,1000,FCAP,2035
2008-03-03,8.858919143676758,8.858919143676758,8.858919143676758,8.858919143676758,400,FCAP,2035
2008-03-04,8.858919143676758,8.858919143676758,8.858919143676758,8.858919143676758,0,FCAP,2035
2008-03-05,8.652507781982422,8.858918281137093,8.646928990432144,8.858918281137093,2600,FCAP,2035
2008-03-06,8.652507781982422,8.652507781982422,8.652507781982422,8.652507781982422,0,FCAP,2035
2008-03-07,8.652507781982422,8.652507781982422,8.652507781982422,8.652507781982422,0,FCAP,2035
2008-03-10,8.652507781982422,8.652507781982422,8.652507781982422,8.652507781982422,0,FCAP,2035
2008-03-11,8.652507781982422,8.652507781982422,8.652507781982422,8.652507781982422,0,FCAP,2035
2008-03-12,8.646933555603027,8.646933555603027,8.646933555603027,8.646933555603027,200,FCAP,2035
2008-03-13,8.742818832397461,8.742818832397461,8.742818832397461,8.742818832397461,0,FCAP,2035
2008-03-14,8.742818832397461,8.742818832397461,8.742818832397461,8.742818832397461,0,FCAP,2035
2008-03-17,8.742818832397461,8.742818832397461,8.742818832397461,8.742818832397461,0,FCAP,2035
2008-03-18,8.742818832397461,8.742818832397461,8.742818832397461,8.742818832397461,0,FCAP,2035
2008-03-19,8.517194747924805,8.517194747924805,8.517194747924805,8.517194747924805,100,FCAP,2035
2008-03-20,8.517194747924805,8.517194747924805,8.517194747924805,8.517194747924805,0,FCAP,2035
2008-03-24,8.539763450622559,8.539763450622559,8.539763450622559,8.539763450622559,300,FCAP,2035
2008-03-25,8.539763450622559,8.539763450622559,8.539763450622559,8.539763450622559,0,FCAP,2035
2008-03-26,8.601807594299316,8.601807594299316,8.601807594299316,8.601807594299316,300,FCAP,2035
2008-03-27,8.601807594299316,8.601807594299316,8.601807594299316,8.601807594299316,0,FCAP,2035
2008-03-28,8.601807594299316,8.601807594299316,8.601807594299316,8.601807594299316,0,FCAP,2035
2008-03-31,9.165862083435059,9.363280866555131,9.165862083435059,9.363280866555131,4300,FCAP,2035
2008-04-01,9.165862083435059,9.165862083435059,9.165862083435059,9.165862083435059,0,FCAP,2035
2008-04-02,9.165862083435059,9.165862083435059,9.081254340910975,9.081254340910975,1900,FCAP,2035
2008-04-03,8.517194747924805,8.742815579981126,8.517194747924805,8.607443080747332,400,FCAP,2035
2008-04-04,8.517194747924805,8.517194747924805,8.517194747924805,8.517194747924805,0,FCAP,2035
2008-04-07,8.460796356201172,8.460796356201172,8.460796356201172,8.460796356201172,100,FCAP,2035
2008-04-08,8.460796356201172,8.460796356201172,8.460796356201172,8.460796356201172,0,FCAP,2035
2008-04-09,8.460796356201172,8.460796356201172,8.460796356201172,8.460796356201172,0,FCAP,2035
2008-04-10,8.460796356201172,8.460796356201172,8.460796356201172,8.460796356201172,0,FCAP,2035
2008-04-11,8.460796356201172,8.460796356201172,8.460796356201172,8.460796356201172,0,FCAP,2035
2008-04-14,8.105443000793457,8.460796519148445,8.105443000793457,8.460796519148445,1300,FCAP,2035
2008-04-15,8.105443000793457,8.105443000793457,8.105443000793457,8.105443000793457,0,FCAP,2035
2008-04-16,8.105443000793457,8.105443000793457,8.105443000793457,8.105443000793457,0,FCAP,2035
2008-04-17,8.376188278198242,8.376188278198242,8.359266298847214,8.359266298847214,1000,FCAP,2035
2008-04-18,8.376188278198242,8.376188278198242,8.370547618414566,8.376188278198242,1800,FCAP,2035
2008-04-21,8.376188278198242,8.376188278198242,8.376188278198242,8.376188278198242,0,FCAP,2035
2008-04-22,8.065957069396973,8.376186290897394,8.065957069396973,8.376186290897394,1200,FCAP,2035
2008-04-23,7.936224460601807,8.065956912711814,7.936224460601807,8.065956912711814,1800,FCAP,2035
2008-04-24,7.896740913391113,8.432591082072381,7.896740913391113,8.432591082072381,1500,FCAP,2035
2008-04-25,8.342345237731934,8.342345237731934,8.342345237731934,8.342345237731934,100,FCAP,2035
2008-04-28,7.896740913391113,7.896740913391113,7.896740913391113,7.896740913391113,400,FCAP,2035
2008-04-29,7.896740913391113,7.896740913391113,7.896740913391113,7.896740913391113,0,FCAP,2035
2008-04-30,7.896740913391113,7.896740913391113,7.896740913391113,7.896740913391113,0,FCAP,2035
2008-05-01,7.896740913391113,7.896740913391113,7.896740913391113,7.896740913391113,0,FCAP,2035
2008-05-02,7.936224460601807,8.082878349796498,7.936224460601807,8.082878349796498,1100,FCAP,2035
2008-05-05,7.936224460601807,7.936224460601807,7.936224460601807,7.936224460601807,0,FCAP,2035
2008-05-06,7.936224460601807,7.936224460601807,7.936224460601807,7.936224460601807,0,FCAP,2035
2008-05-07,7.936224460601807,7.936224460601807,7.936224460601807,7.936224460601807,0,FCAP,2035
2008-05-08,8.319778442382812,8.319778442382812,8.319778442382812,8.319778442382812,100,FCAP,2035
2008-05-09,8.646933555603027,8.646933555603027,8.370547679268649,8.370547679268649,500,FCAP,2035
2008-05-12,8.652575492858887,8.652575492858887,8.652575492858887,8.652575492858887,100,FCAP,2035
2008-05-13,8.178767204284668,8.178767204284668,8.178767204284668,8.178767204284668,100,FCAP,2035
2008-05-14,8.178767204284668,8.178767204284668,8.178767204284668,8.178767204284668,100,FCAP,2035
2008-05-15,7.981350421905518,8.17876920406946,7.981350421905518,8.17876920406946,5000,FCAP,2035
2008-05-16,7.981350421905518,7.981350421905518,7.981350421905518,7.981350421905518,0,FCAP,2035
2008-05-19,8.285937309265137,8.314140063364166,8.037754256623835,8.037754256623835,300,FCAP,2035
2008-05-20,8.285937309265137,8.285937309265137,8.285937309265137,8.285937309265137,0,FCAP,2035
2008-05-21,8.285937309265137,8.285937309265137,8.285937309265137,8.285937309265137,0,FCAP,2035
2008-05-22,8.043395042419434,8.184408277225149,8.043395042419434,8.184408277225149,400,FCAP,2035
2008-05-23,8.043395042419434,8.122362109640042,8.043395042419434,8.122362109640042,400,FCAP,2035
2008-05-27,8.026471138000488,8.037752452276742,8.026471138000488,8.037752452276742,1000,FCAP,2035
2008-05-28,8.178767204284668,8.178767204284668,8.094159482857728,8.094159482857728,400,FCAP,2035
2008-05-29,8.178767204284668,8.178767204284668,8.178767204284668,8.178767204284668,0,FCAP,2035
2008-05-30,8.178767204284668,8.178767204284668,8.178767204284668,8.178767204284668,0,FCAP,2035
2008-06-02,8.178767204284668,8.178767204284668,8.178767204284668,8.178767204284668,0,FCAP,2035
2008-06-03,8.094158172607422,8.094158172607422,8.094158172607422,8.094158172607422,100,FCAP,2035
2008-06-04,8.150567054748535,8.150567054748535,8.122364292623,8.150567054748535,1000,FCAP,2035
2008-06-05,8.178767204284668,8.178767204284668,8.1731265460768,8.1731265460768,200,FCAP,2035
2008-06-06,8.037755966186523,8.184409888355285,8.037755966186523,8.184409888355285,3200,FCAP,2035
2008-06-09,8.037755966186523,8.037755966186523,8.037755966186523,8.037755966186523,0,FCAP,2035
2008-06-10,8.037755966186523,8.037755966186523,8.037755966186523,8.037755966186523,0,FCAP,2035
2008-06-11,8.037755966186523,8.037755966186523,8.037755966186523,8.037755966186523,0,FCAP,2035
2008-06-12,8.169142723083496,8.169142723083496,8.134866360513145,8.152004814200472,400,FCAP,2035
2008-06-13,8.134870529174805,8.134870529174805,8.134870529174805,8.134870529174805,200,FCAP,2035
2008-06-16,8.134870529174805,8.134870529174805,8.134870529174805,8.134870529174805,0,FCAP,2035
2008-06-17,8.134870529174805,8.134870529174805,8.134870529174805,8.134870529174805,0,FCAP,2035
2008-06-18,8.134870529174805,8.134870529174805,8.134870529174805,8.134870529174805,1400,FCAP,2035
2008-06-19,8.112019538879395,8.112019538879395,8.112019538879395,8.112019538879395,100,FCAP,2035
2008-06-20,8.140584945678711,8.140584945678711,8.140584945678711,8.140584945678711,200,FCAP,2035
2008-06-23,8.140584945678711,8.140584945678711,8.140584945678711,8.140584945678711,0,FCAP,2035
2008-06-24,8.140584945678711,8.140584945678711,8.140584945678711,8.140584945678711,0,FCAP,2035
2008-06-25,8.1177339553833,8.1177339553833,7.946353115945425,7.946353115945425,600,FCAP,2035
2008-06-26,7.906364917755127,8.134872353896437,7.906364917755127,8.134872353896437,500,FCAP,2035
2008-06-27,7.997766494750977,7.997766494750977,7.980628576236086,7.992053673644477,3900,FCAP,2035
2008-06-30,8.397653579711914,8.563321555859536,8.397653579711914,8.563321555859536,4000,FCAP,2035
2008-07-01,8.003480911254883,8.003480911254883,8.003480911254883,8.003480911254883,300,FCAP,2035
2008-07-02,7.426496982574463,8.060605374956944,7.426496982574463,8.060605374956944,2500,FCAP,2035
2008-07-03,7.426496982574463,7.426496982574463,7.426496982574463,7.426496982574463,0,FCAP,2035
2008-07-07,7.712132453918457,7.712132453918458,7.712132453918458,7.712132453918458,700,FCAP,2035
2008-07-08,7.426496982574463,7.569314232239356,7.426496982574463,7.426496982574463,700,FCAP,2035
2008-07-09,7.426496982574463,7.426496982574463,7.426496982574463,7.426496982574463,0,FCAP,2035
2008-07-10,7.5693135261535645,7.5693135261535645,7.335093345720555,7.426496289811045,5000,FCAP,2035
2008-07-11,7.426496982574463,7.426496982574463,7.426496982574463,7.426496982574463,1600,FCAP,2035
2008-07-14,7.426496982574463,7.426496982574463,7.426496982574463,7.426496982574463,0,FCAP,2035
2008-07-15,7.426496982574463,7.426496982574463,7.426496982574463,7.426496982574463,2000,FCAP,2035
2008-07-16,7.426496982574463,7.426496982574463,7.426496982574463,7.426496982574463,2600,FCAP,2035
2008-07-17,7.997766494750977,7.997766494750977,7.449348199033011,7.963490112916588,700,FCAP,2035
2008-07-18,7.997766494750977,7.997766494750977,7.992053673644477,7.992053673644477,700,FCAP,2035
2008-07-21,7.712132453918457,7.717845275378178,7.712132453918458,7.717845275378178,300,FCAP,2035
2008-07-22,7.997766494750977,7.997766494750977,7.997766494750977,7.997766494750977,2100,FCAP,2035
2008-07-23,8.140584945678711,8.140584945678711,8.140584945678711,8.140584945678711,200,FCAP,2035
2008-07-24,8.140584945678711,8.140584945678711,8.140584945678711,8.140584945678711,0,FCAP,2035
2008-07-25,8.28339958190918,8.28339958190918,8.28339958190918,8.28339958190918,1000,FCAP,2035
2008-07-28,7.997766494750977,8.283401012420654,7.997766494750977,8.283401012420654,1300,FCAP,2035
2008-07-29,7.997766494750977,7.997766494750977,7.997766494750977,7.997766494750977,0,FCAP,2035
2008-07-30,7.997766494750977,7.997766494750977,7.997766494750977,7.997766494750977,0,FCAP,2035
2008-07-31,8.42621898651123,8.42621898651123,8.42621898651123,8.42621898651123,100,FCAP,2035
2008-08-01,8.563319206237793,8.563319206237793,8.426214824590724,8.426214824590724,400,FCAP,2035
2008-08-04,8.563319206237793,8.563319206237793,8.563319206237793,8.563319206237793,0,FCAP,2035
2008-08-05,8.563319206237793,8.563319206237793,8.563319206237793,8.563319206237793,0,FCAP,2035
2008-08-06,8.563319206237793,8.563319206237793,8.563319206237793,8.563319206237793,300,FCAP,2035
2008-08-07,8.574747085571289,8.706138682799839,8.563321445044707,8.569034265307998,2100,FCAP,2035
2008-08-08,8.70614242553711,8.70614242553711,8.511910811521977,8.56903794910458,3400,FCAP,2035
2008-08-11,8.820392608642578,8.820392608642578,8.711851744652707,8.711851744652707,1500,FCAP,2035
2008-08-12,8.820392608642578,8.820392608642578,8.820392608642578,8.820392608642578,0,FCAP,2035
2008-08-13,9.066038131713867,9.066038131713867,8.854668686509221,8.854668686509221,800,FCAP,2035
2008-08-14,9.254558563232422,9.260270294578431,9.060326464387973,9.060326464387973,500,FCAP,2035
2008-08-15,9.254558563232422,9.254558563232422,9.254558563232422,9.254558563232422,0,FCAP,2035
2008-08-18,9.254558563232422,9.254558563232422,9.254558563232422,9.254558563232422,0,FCAP,2035
2008-08-19,9.351675033569336,9.40880106813813,9.140305000993289,9.25455924934941,700,FCAP,2035
2008-08-20,9.42022705078125,9.42022705078125,9.42022705078125,9.42022705078125,100,FCAP,2035
2008-08-21,9.42022705078125,9.42022705078125,9.42022705078125,9.42022705078125,0,FCAP,2035
2008-08-22,9.42022705078125,9.42022705078125,9.42022705078125,9.42022705078125,0,FCAP,2035
2008-08-25,9.42022705078125,9.425939872366104,9.408801407611543,9.408801407611543,600,FCAP,2035
2008-08-26,9.42022705078125,9.42022705078125,9.42022705078125,9.42022705078125,0,FCAP,2035
2008-08-27,9.140303611755371,9.425938099622726,8.997486367821693,8.997486367821693,1500,FCAP,2035
2008-08-28,9.140303611755371,9.140303611755371,9.140303611755371,9.140303611755371,0,FCAP,2035
2008-08-29,9.425936698913574,9.425936698913574,9.425936698913574,9.425936698913574,300,FCAP,2035
2008-09-02,8.854668617248535,8.860381437432101,8.854668617248535,8.860381437432101,200,FCAP,2035
2008-09-03,9.425936698913574,9.425936698913574,9.42022387925207,9.42022387925207,1000,FCAP,2035
2008-09-04,9.100316047668457,9.42593922849725,9.083177584084593,9.420226407302627,1600,FCAP,2035
2008-09-05,9.100316047668457,9.100316047668457,9.100316047668457,9.100316047668457,0,FCAP,2035
2008-09-08,9.100316047668457,9.100316047668457,9.100316047668457,9.100316047668457,0,FCAP,2035
2008-09-09,9.100316047668457,9.100316047668457,9.100316047668457,9.100316047668457,0,FCAP,2035
2008-09-10,9.100316047668457,9.100316047668457,9.100316047668457,9.100316047668457,0,FCAP,2035
2008-09-11,9.100316047668457,9.100316047668457,9.100316047668457,9.100316047668457,0,FCAP,2035
2008-09-12,8.955864906311035,8.961643015917353,8.955864906311035,8.961643015917353,700,FCAP,2035
2008-09-15,8.961644172668457,9.013646063775887,8.955866062316312,8.955866062316312,1200,FCAP,2035
2008-09-16,8.880751609802246,9.100314827315144,8.880751609802246,9.100314827315144,300,FCAP,2035
2008-09-17,8.955864906311035,9.100314340283795,8.955864906311035,9.100314340283795,800,FCAP,2035
2008-09-18,8.955864906311035,8.955864906311035,8.955864906311035,8.955864906311035,0,FCAP,2035
2008-09-19,8.955864906311035,8.955864906311035,8.955864906311035,8.955864906311035,0,FCAP,2035
2008-09-22,8.869193077087402,8.869193077087402,8.869193077087402,8.869193077087402,500,FCAP,2035
2008-09-23,8.869193077087402,8.903860623324569,8.869193077087402,8.903860623324569,1500,FCAP,2035
2008-09-24,8.869193077087402,8.869193077087402,8.869193077087402,8.869193077087402,0,FCAP,2035
2008-09-25,8.869193077087402,8.869193077087402,8.869193077087402,8.869193077087402,0,FCAP,2035
2008-09-26,8.869193077087402,8.869193077087402,8.869193077087402,8.869193077087402,0,FCAP,2035
2008-09-29,8.869193077087402,8.869193077087402,8.869193077087402,8.869193077087402,0,FCAP,2035
2008-09-30,8.874972343444824,9.244763064391583,8.874972343444824,8.955864218629346,7100,FCAP,2035
2008-10-01,8.874972343444824,8.874972343444824,8.874972343444824,8.874972343444824,0,FCAP,2035
2008-10-02,8.874972343444824,8.874972343444824,8.874972343444824,8.874972343444824,0,FCAP,2035
2008-10-03,8.874972343444824,8.874972343444824,8.874972343444824,8.874972343444824,0,FCAP,2035
2008-10-06,8.765191078186035,8.898084283555699,8.765191078186035,8.898084283555699,700,FCAP,2035
2008-10-07,8.898086547851562,8.955866552473452,8.898086547851562,8.93853277149927,2700,FCAP,2035
2008-10-08,8.874972343444824,8.874972343444824,8.874972343444824,8.874972343444824,700,FCAP,2035
2008-10-09,8.314507484436035,8.724743793697982,7.990940592907022,8.724743793697982,2300,FCAP,2035
2008-10-10,8.5225191116333,8.863419964263597,8.5225191116333,8.863419964263597,900,FCAP,2035
2008-10-13,8.343400001525879,8.343400001525879,8.343400001525879,8.343400001525879,400,FCAP,2035
2008-10-14,8.82297134399414,8.82297134399414,8.82297134399414,8.82297134399414,200,FCAP,2035
2008-10-15,8.82297134399414,8.82297134399414,8.82297134399414,8.82297134399414,0,FCAP,2035
2008-10-16,8.82297134399414,8.82297134399414,8.82297134399414,8.82297134399414,0,FCAP,2035
2008-10-17,8.82297134399414,8.82297134399414,8.82297134399414,8.82297134399414,0,FCAP,2035
2008-10-20,8.82297134399414,8.82297134399414,8.82297134399414,8.82297134399414,0,FCAP,2035
2008-10-21,8.84030532836914,8.84030532836914,8.84030532836914,8.84030532836914,300,FCAP,2035
2008-10-22,8.84030532836914,8.84030532836914,8.84030532836914,8.84030532836914,0,FCAP,2035
2008-10-23,8.233617782592773,8.239395892231475,8.233617782592773,8.239395892231475,200,FCAP,2035
2008-10-24,8.233617782592773,8.233617782592773,8.233617782592773,8.233617782592773,0,FCAP,2035
2008-10-27,8.834529876708984,8.834529876708984,8.834529876708984,8.834529876708984,100,FCAP,2035
2008-10-28,8.834529876708984,8.834529876708984,8.834529876708984,8.834529876708984,0,FCAP,2035
2008-10-29,8.834529876708984,8.834529876708984,8.834529876708984,8.834529876708984,0,FCAP,2035
2008-10-30,8.834529876708984,8.834529876708984,8.834529876708984,8.834529876708984,0,FCAP,2035
2008-10-31,8.834529876708984,8.834529876708984,8.834529876708984,8.834529876708984,0,FCAP,2035
2008-11-03,8.834529876708984,8.834529876708984,8.834529876708984,8.834529876708984,0,FCAP,2035
2008-11-04,8.834529876708984,8.834529876708984,8.834529876708984,8.834529876708984,0,FCAP,2035
2008-11-05,8.834529876708984,8.834529876708984,8.834529876708984,8.834529876708984,0,FCAP,2035
2008-11-06,8.834529876708984,8.834529876708984,8.834529876708984,8.834529876708984,0,FCAP,2035
2008-11-07,8.834529876708984,8.834529876708984,8.834529876708984,8.834529876708984,0,FCAP,2035
2008-11-10,8.834529876708984,8.834529876708984,8.834529876708984,8.834529876708984,0,FCAP,2035
2008-11-11,8.834529876708984,8.834529876708984,8.834529876708984,8.834529876708984,0,FCAP,2035
2008-11-12,8.834529876708984,8.834529876708984,8.834529876708984,8.834529876708984,0,FCAP,2035
2008-11-13,8.834529876708984,8.834529876708984,8.834529876708984,8.834529876708984,0,FCAP,2035
2008-11-14,8.834529876708984,8.834529876708984,8.834529876708984,8.834529876708984,0,FCAP,2035
2008-11-17,8.834529876708984,8.834529876708984,8.834529876708984,8.834529876708984,0,FCAP,2035
2008-11-18,8.834529876708984,8.834529876708984,8.834529876708984,8.834529876708984,0,FCAP,2035
2008-11-19,8.834529876708984,8.834529876708984,8.834529876708984,8.834529876708984,0,FCAP,2035
2008-11-20,8.834529876708984,8.834529876708984,8.834529876708984,8.834529876708984,0,FCAP,2035
2008-11-21,8.834529876708984,8.834529876708984,8.834529876708984,8.834529876708984,0,FCAP,2035
2008-11-24,8.834529876708984,8.834529876708984,8.834529876708984,8.834529876708984,0,FCAP,2035
2008-11-25,8.834529876708984,8.834529876708984,8.834529876708984,8.834529876708984,0,FCAP,2035
2008-11-26,8.834529876708984,8.834529876708984,8.834529876708984,8.834529876708984,0,FCAP,2035
2008-11-28,8.834529876708984,8.834529876708984,8.834529876708984,8.834529876708984,0,FCAP,2035
2008-12-01,7.557595729827881,7.973610330386845,7.557595729827881,7.973610330386845,600,FCAP,2035
2008-12-02,7.800273895263672,7.800273895263672,7.800273895263672,7.800273895263672,1000,FCAP,2035
2008-12-03,7.574928283691406,7.574928283691407,7.574928283691407,7.574928283691407,100,FCAP,2035
2008-12-04,7.569150447845459,7.569150447845459,7.569150447845459,7.569150447845459,100,FCAP,2035
2008-12-05,7.569150447845459,7.569150447845459,7.569150447845459,7.569150447845459,0,FCAP,2035
2008-12-08,7.569150447845459,7.569150447845459,7.569150447845459,7.569150447845459,0,FCAP,2035
2008-12-09,7.569150447845459,7.569150447845459,7.569150447845459,7.569150447845459,0,FCAP,2035
2008-12-10,7.598040580749512,7.598040580749512,7.598040580749512,7.598040580749512,100,FCAP,2035
2008-12-11,8.314507484436035,8.314507484436035,8.031386247711628,8.031386247711628,200,FCAP,2035
2008-12-12,8.419828414916992,8.419828414916992,8.419828414916992,8.419828414916992,0,FCAP,2035
2008-12-15,8.419828414916992,8.419828414916992,8.419828414916992,8.419828414916992,0,FCAP,2035
2008-12-16,8.419828414916992,8.419828414916992,8.419828414916992,8.419828414916992,0,FCAP,2035
2008-12-17,8.016100883483887,8.016100883483887,8.016100883483887,8.016100883483887,200,FCAP,2035
2008-12-18,8.016100883483887,8.016100883483887,8.016100883483887,8.016100883483887,0,FCAP,2035
2008-12-19,8.776754379272461,8.776754379272461,8.776754379272461,8.776754379272461,2600,FCAP,2035
2008-12-22,8.776754379272461,8.776754379272461,8.776754379272461,8.776754379272461,0,FCAP,2035
2008-12-23,8.776754379272461,8.776754379272461,8.776754379272461,8.776754379272461,0,FCAP,2035
2008-12-24,8.776754379272461,8.776754379272461,8.776754379272461,8.776754379272461,0,FCAP,2035
2008-12-26,8.776754379272461,8.776754379272461,8.776754379272461,8.776754379272461,0,FCAP,2035
2008-12-29,8.776754379272461,8.776754379272461,8.776754379272461,8.776754379272461,0,FCAP,2035
2008-12-30,8.923029899597168,8.934732501736898,8.291103892332133,8.934732501736898,2100,FCAP,2035
2008-12-31,8.940585136413574,8.940585136413574,8.887924531664613,8.887924531664613,3500,FCAP,2035
2009-01-02,8.940585136413574,8.940585136413574,8.835264484926551,8.835264484926551,1300,FCAP,2035
2009-01-05,8.940585136413574,8.940585136413574,8.940585136413574,8.940585136413574,0,FCAP,2035
2009-01-06,8.296956062316895,8.940584181116085,8.296956062316895,8.940584181116085,300,FCAP,2035
2009-01-07,8.484193801879883,8.484193801879883,8.484193801879883,8.484193801879883,100,FCAP,2035
2009-01-08,8.484193801879883,8.484193801879883,8.484193801879883,8.484193801879883,0,FCAP,2035
2009-01-09,8.484193801879883,8.484193801879883,8.484193801879883,8.484193801879883,0,FCAP,2035
2009-01-12,8.484193801879883,8.484193801879883,8.484193801879883,8.484193801879883,0,FCAP,2035
2009-01-13,8.314508438110352,8.33206178309701,8.314508438110352,8.33206178309701,700,FCAP,2035
2009-01-14,8.314508438110352,8.314508438110352,8.314508438110352,8.314508438110352,0,FCAP,2035
2009-01-15,8.191634178161621,8.765048302787754,8.191634178161621,8.308657411961772,1600,FCAP,2035
2009-01-16,8.449087142944336,8.449087142944336,8.449087142944336,8.449087142944336,100,FCAP,2035
2009-01-20,8.191634178161621,8.191634178161621,8.191634178161621,8.191634178161621,200,FCAP,2035
2009-01-21,8.197487831115723,8.197487831115723,8.197487831115723,8.197487831115723,100,FCAP,2035
2009-01-22,8.197487831115723,8.197487831115723,8.197487831115723,8.197487831115723,0,FCAP,2035
2009-01-23,7.869819641113281,8.203336545396878,7.823010348935019,8.191633943346924,3900,FCAP,2035
2009-01-26,7.782054901123047,7.782054901123047,7.782054901123047,7.782054901123047,200,FCAP,2035
2009-01-27,7.899080753326416,7.899080753326417,7.899080753326417,7.899080753326417,600,FCAP,2035
2009-01-28,7.899080753326416,7.899080753326417,7.899080753326417,7.899080753326417,0,FCAP,2035
2009-01-29,7.899080753326416,7.899080753326417,7.899080753326417,7.899080753326417,0,FCAP,2035
2009-01-30,7.899080753326416,7.899080753326417,7.899080753326417,7.899080753326417,0,FCAP,2035
2009-02-02,7.752796173095703,7.782052119313311,7.752796173095703,7.782052119313311,700,FCAP,2035
2009-02-03,7.899080753326416,7.899080753326417,7.899080753326417,7.899080753326417,300,FCAP,2035
2009-02-04,7.899080753326416,7.899080753326417,7.899080753326417,7.899080753326417,0,FCAP,2035
2009-02-05,7.899080753326416,7.899080753326417,7.899080753326417,7.899080753326417,1600,FCAP,2035
2009-02-06,7.899080753326416,7.899080753326417,7.899080753326417,7.899080753326417,200,FCAP,2035
2009-02-09,7.899080753326416,7.899080753326417,7.899080753326417,7.899080753326417,0,FCAP,2035
2009-02-10,8.484193801879883,8.484193801879883,8.44323580346877,8.44323580346877,500,FCAP,2035
2009-02-11,7.945886135101318,7.945886135101319,7.945886135101319,7.945886135101319,100,FCAP,2035
2009-02-12,7.945886135101318,7.945886135101319,7.945886135101319,7.945886135101319,0,FCAP,2035
2009-02-13,7.899080753326416,7.94003877126158,7.899080753326417,7.94003877126158,400,FCAP,2035
2009-02-17,7.899080753326416,7.899080753326417,7.899080753326417,7.899080753326417,1700,FCAP,2035
2009-02-18,7.752796173095703,7.899075346172981,7.752796173095703,7.899075346172981,900,FCAP,2035
2009-02-19,7.752796173095703,7.752796173095703,7.752796173095703,7.752796173095703,700,FCAP,2035
2009-02-20,7.75864839553833,7.75864839553833,7.75864839553833,7.75864839553833,200,FCAP,2035
2009-02-23,7.752796173095703,7.758647473941377,7.752796173095703,7.758647473941377,700,FCAP,2035
2009-02-24,7.6942853927612305,7.7527972936535186,7.6942853927612305,7.7527972936535186,600,FCAP,2035
2009-02-25,7.6942853927612305,7.6942853927612305,7.688434649080675,7.6942853927612305,1900,FCAP,2035
2009-02-26,7.6942853927612305,7.6942853927612305,7.6942853927612305,7.6942853927612305,600,FCAP,2035
2009-02-27,7.6942853927612305,7.6942853927612305,7.6942853927612305,7.6942853927612305,0,FCAP,2035
2009-03-02,7.413430690765381,7.665031120144468,7.413430690765381,7.665031120144468,500,FCAP,2035
2009-03-03,7.120871543884277,7.436834595482614,7.120871543884277,7.436834595482614,1500,FCAP,2035
2009-03-04,7.120871543884277,7.120871543884277,7.120871543884277,7.120871543884277,0,FCAP,2035
2009-03-05,7.120871543884277,7.138424891747833,7.097466894062581,7.138424891747833,1800,FCAP,2035
2009-03-06,7.120871543884277,7.120871543884277,6.886825045667313,6.892675789614586,400,FCAP,2035
2009-03-09,7.120871543884277,7.120871543884277,7.120871543884277,7.120871543884277,0,FCAP,2035
2009-03-10,7.354919910430908,8.361321224436157,7.354919910430909,8.361321224436157,200,FCAP,2035
2009-03-11,7.354919910430908,7.354919910430909,7.354919910430909,7.354919910430909,0,FCAP,2035
2009-03-12,7.612370014190674,7.899077124029119,7.074062491467819,7.079913793630453,1700,FCAP,2035
2009-03-13,7.725100994110107,8.015830455392232,7.529302989787595,8.009897062507417,2600,FCAP,2035
2009-03-16,7.713234901428223,7.713234901428223,7.70730150801025,7.713234901428223,900,FCAP,2035
2009-03-17,7.713234901428223,7.713234901428223,7.713234901428223,7.713234901428223,0,FCAP,2035
2009-03-18,7.713234901428223,7.713234901428223,7.713234901428223,7.713234901428223,0,FCAP,2035
2009-03-19,7.713234901428223,7.713234901428223,7.713234901428223,7.713234901428223,0,FCAP,2035
2009-03-20,7.713234901428223,7.713234901428223,7.713234901428223,7.713234901428223,0,FCAP,2035
2009-03-23,7.713234901428223,7.713234901428223,7.713234901428223,7.713234901428223,0,FCAP,2035
2009-03-24,8.306562423706055,8.306562423706055,8.306562423706055,8.306562423706055,1000,FCAP,2035
2009-03-25,8.306562423706055,8.306562423706055,8.306562423706055,8.306562423706055,0,FCAP,2035
2009-03-26,8.306562423706055,8.306562423706055,8.306562423706055,8.306562423706055,0,FCAP,2035
2009-03-27,8.306562423706055,8.306562423706055,8.306562423706055,8.306562423706055,0,FCAP,2035
2009-03-30,8.306562423706055,8.306562423706055,8.306562423706055,8.306562423706055,0,FCAP,2035
2009-03-31,8.840554237365723,8.840554237365723,8.306561241061862,8.306561241061862,1900,FCAP,2035
2009-04-01,8.840554237365723,8.840554237365723,8.840554237365723,8.840554237365723,0,FCAP,2035
2009-04-02,8.840554237365723,8.840554237365723,8.840554237365723,8.840554237365723,0,FCAP,2035
2009-04-03,8.840554237365723,8.840554237365723,8.840554237365723,8.840554237365723,0,FCAP,2035
2009-04-06,8.840554237365723,8.840554237365723,8.840554237365723,8.840554237365723,0,FCAP,2035
2009-04-07,8.840554237365723,8.840554237365723,8.840554237365723,8.840554237365723,0,FCAP,2035
2009-04-08,8.840554237365723,8.840554237365723,8.840554237365723,8.840554237365723,0,FCAP,2035
2009-04-09,8.840554237365723,8.840554237365723,8.840554237365723,8.840554237365723,0,FCAP,2035
2009-04-13,8.721890449523926,8.721890449523926,8.721890449523926,8.721890449523926,100,FCAP,2035
2009-04-14,8.454891204833984,8.454891204833984,8.454891204833984,8.454891204833984,2700,FCAP,2035
2009-04-15,8.484560012817383,8.864288205629359,8.454893606294037,8.454893606294037,700,FCAP,2035
2009-04-16,8.484560012817383,8.484560012817383,8.484560012817383,8.484560012817383,0,FCAP,2035
2009-04-17,8.484560012817383,8.484560012817383,8.484560012817383,8.484560012817383,0,FCAP,2035
2009-04-20,8.454891204833984,8.454891204833984,8.454891204833984,8.454891204833984,400,FCAP,2035
2009-04-21,8.840554237365723,8.840554237365723,8.840554237365723,8.840554237365723,1000,FCAP,2035
2009-04-22,8.840554237365723,8.840554237365723,8.840554237365723,8.840554237365723,0,FCAP,2035
2009-04-23,8.840554237365723,8.840554237365723,8.840554237365723,8.840554237365723,0,FCAP,2035
2009-04-24,8.840554237365723,8.840554237365723,8.840554237365723,8.840554237365723,0,FCAP,2035
2009-04-27,8.840554237365723,8.840554237365723,8.840554237365723,8.840554237365723,0,FCAP,2035
2009-04-28,8.840554237365723,8.840554237365723,8.840554237365723,8.840554237365723,0,FCAP,2035
2009-04-29,8.840554237365723,8.840554237365723,8.840554237365723,8.840554237365723,0,FCAP,2035
2009-04-30,8.840554237365723,8.840554237365723,8.840554237365723,8.840554237365723,0,FCAP,2035
2009-05-01,8.840554237365723,8.840554237365723,8.840554237365723,8.840554237365723,0,FCAP,2035
2009-05-04,8.899888038635254,8.899888038635254,8.899888038635254,8.899888038635254,100,FCAP,2035
2009-05-05,9.196549415588379,9.196549415588379,9.196549415588379,9.196549415588379,100,FCAP,2035
2009-05-06,8.36589527130127,8.36589527130127,8.36589527130127,8.36589527130127,100,FCAP,2035
2009-05-07,10.0628080368042,10.0628080368042,8.413362543365112,8.425228768680343,3500,FCAP,2035
2009-05-08,8.437094688415527,9.926342308324681,8.437094688415527,9.926342308324681,4100,FCAP,2035
2009-05-11,10.086541175842285,10.086541175842285,8.496427444699615,8.496427444699615,9000,FCAP,2035
2009-05-12,8.484560012817383,9.914474696174532,8.484560012817383,9.914474696174532,7600,FCAP,2035
2009-05-13,9.137216567993164,9.380480607303245,8.727822038515356,9.190615977455389,6600,FCAP,2035
2009-05-14,9.315214157104492,9.76020903521818,9.315214157104492,9.76020903521818,200,FCAP,2035
2009-05-15,9.315214157104492,9.315214157104492,9.315214157104492,9.315214157104492,0,FCAP,2035
2009-05-18,9.315214157104492,9.315214157104492,9.315214157104492,9.315214157104492,0,FCAP,2035
2009-05-19,8.490492820739746,8.490492820739746,8.490492820739746,8.490492820739746,800,FCAP,2035
2009-05-20,10.086541175842285,10.086541175842285,8.632892707785901,8.632892707785901,3500,FCAP,2035
2009-05-21,9.457611083984375,9.742407704432802,8.90581858671964,9.742407704432802,2100,FCAP,2035
2009-05-22,9.457611083984375,9.457611083984375,9.457611083984375,9.457611083984375,0,FCAP,2035
2009-05-26,9.457611083984375,9.457611083984375,9.457611083984375,9.457611083984375,0,FCAP,2035
2009-05-27,10.080605506896973,10.080605506896973,10.080605506896973,10.080605506896973,100,FCAP,2035
2009-05-28,8.36589527130127,9.914475073912499,8.36589527130127,9.914475073912499,1700,FCAP,2035
2009-05-29,10.667999267578125,10.6798660570223,8.526093000955376,8.526093000955376,11900,FCAP,2035
2009-06-01,10.086541175842285,10.970596707805752,9.908543843058021,10.086541175842285,13300,FCAP,2035
2009-06-02,10.086541175842285,10.086541175842285,10.086541175842285,10.086541175842285,0,FCAP,2035
2009-06-03,10.086541175842285,10.086541175842285,10.086541175842285,10.086541175842285,0,FCAP,2035
2009-06-04,9.50507640838623,9.50507640838623,9.50507640838623,9.50507640838623,300,FCAP,2035
2009-06-05,10.436599731445312,10.679863191381344,10.252669071130539,10.602731344049026,1100,FCAP,2035
2009-06-08,10.377270698547363,10.377270698547363,10.353538249091914,10.353538249091914,500,FCAP,2035
2009-06-09,10.377270698547363,10.377270698547363,10.377270698547363,10.377270698547363,0,FCAP,2035
2009-06-10,10.377270698547363,10.377270698547363,10.377270698547363,10.377270698547363,0,FCAP,2035
2009-06-11,10.377270698547363,10.377270698547363,10.377270698547363,10.377270698547363,0,FCAP,2035
2009-06-12,10.413240432739258,10.491174367783136,10.413240432739258,10.491174367783136,200,FCAP,2035
2009-06-15,10.203415870666504,10.203415870666504,10.203415870666504,10.203415870666504,100,FCAP,2035
2009-06-16,10.203415870666504,10.203415870666504,10.203415870666504,10.203415870666504,0,FCAP,2035
2009-06-17,10.203415870666504,10.203415870666504,10.203415870666504,10.203415870666504,0,FCAP,2035
2009-06-18,9.89167594909668,9.927645359655523,9.89167594909668,9.927645359655523,1500,FCAP,2035
2009-06-19,10.191426277160645,10.191426277160645,10.191426277160645,10.191426277160645,300,FCAP,2035
2009-06-22,10.191426277160645,10.191426277160645,10.191426277160645,10.191426277160645,0,FCAP,2035
2009-06-23,10.191426277160645,10.191426277160645,10.191426277160645,10.191426277160645,0,FCAP,2035
2009-06-24,9.525983810424805,9.89167586381195,9.525983810424805,9.61590847949354,11000,FCAP,2035
2009-06-25,10.173443794250488,10.173443794250488,9.016417234444528,9.016417234444528,5800,FCAP,2035
2009-06-26,9.531980514526367,10.191425951865956,9.508000711626215,10.185430858210019,5700,FCAP,2035
2009-06-29,9.531980514526367,9.531980514526367,9.531980514526367,9.531980514526367,0,FCAP,2035
2009-06-30,10.401248931884766,10.42522816139185,10.131475453385578,10.42522816139185,4500,FCAP,2035
2009-07-01,10.16744613647461,10.16744613647461,10.005583172650251,10.071526919598227,4000,FCAP,2035
2009-07-02,10.16744613647461,10.16744613647461,10.16744613647461,10.16744613647461,0,FCAP,2035
2009-07-06,10.335307121276855,10.365282596378075,10.197423366153616,10.197423366153616,2300,FCAP,2035
2009-07-07,10.335307121276855,10.335307121276855,10.335307121276855,10.335307121276855,0,FCAP,2035
2009-07-08,10.197422981262207,10.197422981262207,10.197422981262207,10.197422981262207,300,FCAP,2035
2009-07-09,10.197422981262207,10.197422981262207,10.197422981262207,10.197422981262207,0,FCAP,2035
2009-07-10,10.341300010681152,10.341300010681152,10.341300010681152,10.341300010681152,100,FCAP,2035
2009-07-13,10.491170883178711,10.491170883178711,10.479180699170684,10.479180699170684,600,FCAP,2035
2009-07-14,10.347296714782715,10.347296714782715,10.341301620108096,10.347296714782715,1100,FCAP,2035
2009-07-15,10.94079303741455,10.94079303741455,10.32930734390987,10.341297528515124,2100,FCAP,2035
2009-07-16,10.94079303741455,10.94079303741455,10.94079303741455,10.94079303741455,0,FCAP,2035
2009-07-17,10.94079303741455,10.94079303741455,10.94079303741455,10.94079303741455,0,FCAP,2035
2009-07-20,10.94079303741455,10.94079303741455,10.94079303741455,10.94079303741455,0,FCAP,2035
2009-07-21,10.95278263092041,10.95278263092041,10.934797354983159,10.934797354983159,1300,FCAP,2035
2009-07-22,10.95278263092041,10.95278263092041,10.95278263092041,10.95278263092041,0,FCAP,2035
2009-07-23,10.928802490234375,10.928802490234375,10.928802490234375,10.928802490234375,100,FCAP,2035
2009-07-24,10.928802490234375,10.928802490234375,10.928802490234375,10.928802490234375,0,FCAP,2035
2009-07-27,10.928802490234375,10.928802490234375,10.928802490234375,10.928802490234375,0,FCAP,2035
2009-07-28,10.928802490234375,10.928802490234375,10.928802490234375,10.928802490234375,0,FCAP,2035
2009-07-29,10.928802490234375,10.928802490234375,10.928802490234375,10.928802490234375,0,FCAP,2035
2009-07-30,10.928802490234375,10.928802490234375,10.928802490234375,10.928802490234375,0,FCAP,2035
2009-07-31,10.928802490234375,10.928802490234375,10.928802490234375,10.928802490234375,0,FCAP,2035
2009-08-03,10.928802490234375,10.928802490234375,10.928802490234375,10.928802490234375,0,FCAP,2035
2009-08-04,10.928802490234375,10.928802490234375,10.928802490234375,10.928802490234375,0,FCAP,2035
2009-08-05,10.928802490234375,10.928802490234375,10.928802490234375,10.928802490234375,0,FCAP,2035
2009-08-06,10.041549682617188,10.041549682617188,10.041549682617188,10.041549682617188,100,FCAP,2035
2009-08-07,10.041549682617188,10.041549682617188,10.041549682617188,10.041549682617188,0,FCAP,2035
2009-08-10,10.790923118591309,10.790923118591309,10.497170348687785,10.497170348687785,1500,FCAP,2035
2009-08-11,10.491170883178711,10.491170883178711,10.491170883178711,10.491170883178711,100,FCAP,2035
2009-08-12,10.772940635681152,10.772940635681152,10.772940635681152,10.772940635681152,200,FCAP,2035
2009-08-13,10.191426277160645,10.77293665898116,10.191426277160645,10.77293665898116,1700,FCAP,2035
2009-08-14,10.191426277160645,10.191426277160645,10.191426277160645,10.191426277160645,0,FCAP,2035
2009-08-17,9.89167594909668,10.491171461163145,9.89167594909668,9.921650267321224,4200,FCAP,2035
2009-08-18,9.801749229431152,9.801749229431152,9.801749229431152,9.801749229431152,200,FCAP,2035
2009-08-19,9.442056655883789,9.747799580049884,9.442056655883789,9.741804486229306,1000,FCAP,2035
2009-08-20,9.591928482055664,9.591928482055664,9.591928482055664,9.591928482055664,200,FCAP,2035
2009-08-21,9.591928482055664,9.591928482055664,9.591928482055664,9.591928482055664,0,FCAP,2035
2009-08-24,9.89167594909668,10.34129758314653,9.89167594909668,10.17343842812702,800,FCAP,2035
2009-08-25,10.904824256896973,10.904824256896973,9.927645880619819,10.419232043359342,3500,FCAP,2035
2009-08-26,10.089509963989258,10.611071590603423,10.077519778676978,10.611071590603423,3200,FCAP,2035
2009-08-27,9.957620620727539,9.957620620727539,9.957620620727539,9.957620620727539,100,FCAP,2035
2009-08-28,9.711833000183105,10.701000900853268,9.591933375608969,10.02356996587025,7900,FCAP,2035
2009-08-31,9.65187931060791,10.191425117553685,9.65187931060791,9.711829098812354,7900,FCAP,2035
2009-09-01,9.65187931060791,9.65187931060791,9.65187931060791,9.65187931060791,0,FCAP,2035
2009-09-02,9.597923278808594,9.597923278808594,9.597923278808594,9.597923278808594,100,FCAP,2035
2009-09-03,9.597923278808594,9.597923278808594,9.597923278808594,9.597923278808594,0,FCAP,2035
2009-09-04,9.597923278808594,9.597923278808594,9.597923278808594,9.597923278808594,0,FCAP,2035
2009-09-08,9.633892059326172,9.6398871512643,9.633892059326172,9.6398871512643,200,FCAP,2035
2009-09-09,9.65187931060791,9.65187931060791,9.65187931060791,9.65187931060791,100,FCAP,2035
2009-09-10,9.639886856079102,10.07152317138527,9.639886856079102,9.71182681368688,500,FCAP,2035
2009-09-11,9.639886856079102,9.639886856079102,9.639886856079102,9.639886856079102,0,FCAP,2035
2009-09-14,9.749021530151367,9.749021530151367,9.749021530151367,9.749021530151367,0,FCAP,2035
2009-09-15,9.749021530151367,9.749021530151367,9.749021530151367,9.749021530151367,0,FCAP,2035
2009-09-16,9.749021530151367,9.749021530151367,9.749021530151367,9.749021530151367,0,FCAP,2035
2009-09-17,9.749021530151367,9.749021530151367,9.749021530151367,9.749021530151367,0,FCAP,2035
2009-09-18,9.749021530151367,9.749021530151367,9.749021530151367,9.749021530151367,0,FCAP,2035
2009-09-21,9.803581237792969,9.803581237792969,9.803581237792969,9.803581237792969,100,FCAP,2035
2009-09-22,9.803581237792969,9.803581237792969,9.803581237792969,9.803581237792969,0,FCAP,2035
2009-09-23,9.803581237792969,9.803581237792969,9.803581237792969,9.803581237792969,0,FCAP,2035
2009-09-24,9.803581237792969,9.803581237792969,9.803581237792969,9.803581237792969,0,FCAP,2035
2009-09-25,10.003656387329102,10.021845269788836,10.003656387329102,10.021845269788836,800,FCAP,2035
2009-09-28,10.003656387329102,10.003656387329102,10.003656387329102,10.003656387329102,500,FCAP,2035
2009-09-29,10.003656387329102,10.003656387329102,10.003656387329102,10.003656387329102,0,FCAP,2035
2009-09-30,10.609941482543945,10.840328274495342,10.549313014222466,10.840328274495342,3900,FCAP,2035
2009-10-01,10.609941482543945,10.609941482543945,10.609941482543945,10.609941482543945,0,FCAP,2035
2009-10-02,10.609941482543945,10.609941482543945,10.609941482543945,10.609941482543945,0,FCAP,2035
2009-10-05,10.31286334991455,10.31286334991455,10.31286334991455,10.31286334991455,100,FCAP,2035
2009-10-06,10.31286334991455,10.31286334991455,10.31286334991455,10.31286334991455,100,FCAP,2035
2009-10-07,10.31286334991455,10.31286334991455,10.31286334991455,10.31286334991455,0,FCAP,2035
2009-10-08,10.31286334991455,10.31286334991455,10.31286334991455,10.31286334991455,0,FCAP,2035
2009-10-09,10.31286334991455,10.31286334991455,10.31286334991455,10.31286334991455,0,FCAP,2035
2009-10-12,10.31286334991455,10.31286334991455,10.31286334991455,10.31286334991455,0,FCAP,2035
2009-10-13,10.31286334991455,10.31286334991455,10.31286334991455,10.31286334991455,0,FCAP,2035
2009-10-14,10.31286334991455,10.318926312438862,10.30680038739024,10.318926312438862,1000,FCAP,2035
2009-10-15,10.31286334991455,10.31286334991455,10.31286334991455,10.31286334991455,0,FCAP,2035
2009-10-16,10.31286334991455,10.31286334991455,10.31286334991455,10.31286334991455,0,FCAP,2035
2009-10-19,10.31286334991455,10.31286334991455,10.31286334991455,10.31286334991455,0,FCAP,2035
2009-10-20,10.161291122436523,10.161291122436523,10.161291122436523,10.161291122436523,200,FCAP,2035
2009-10-21,10.161291122436523,10.161291122436523,10.161291122436523,10.161291122436523,0,FCAP,2035
2009-10-22,10.161291122436523,10.161291122436523,10.161291122436523,10.161291122436523,0,FCAP,2035
2009-10-23,10.161291122436523,10.161291122436523,10.161291122436523,10.161291122436523,0,FCAP,2035
2009-10-26,10.161291122436523,10.161291122436523,10.161291122436523,10.161291122436523,0,FCAP,2035
2009-10-27,10.161291122436523,10.161291122436523,10.161291122436523,10.161291122436523,0,FCAP,2035
2009-10-28,10.161291122436523,10.161291122436523,10.161291122436523,10.161291122436523,0,FCAP,2035
2009-10-29,10.155226707458496,10.306797255331011,10.155226707458496,10.306797255331011,900,FCAP,2035
2009-10-30,10.306798934936523,10.306798934936523,10.155228362363927,10.155228362363927,400,FCAP,2035
2009-11-02,10.306798934936523,10.306798934936523,10.306798934936523,10.306798934936523,0,FCAP,2035
2009-11-03,10.306798934936523,10.306798934936523,10.306798934936523,10.306798934936523,0,FCAP,2035
2009-11-04,10.215855598449707,10.306797699816837,10.215855598449707,10.306797699816837,1700,FCAP,2035
2009-11-05,9.700514793395996,9.700514793395996,9.185174713718538,9.185174713718538,200,FCAP,2035
2009-11-06,9.27612018585205,9.282183148194372,9.257931877020999,9.257931877020999,500,FCAP,2035
2009-11-09,9.27612018585205,9.27612018585205,9.27612018585205,9.27612018585205,0,FCAP,2035
2009-11-10,9.700514793395996,9.700514793395996,9.700514793395996,9.700514793395996,400,FCAP,2035
2009-11-11,9.700514793395996,9.700514793395996,9.700514793395996,9.700514793395996,0,FCAP,2035
2009-11-12,9.700514793395996,9.700514793395996,9.700514793395996,9.700514793395996,0,FCAP,2035
2009-11-13,9.09423542022705,9.251868972944672,9.09423542022705,9.245806010564168,2300,FCAP,2035
2009-11-16,9.09423542022705,9.09423542022705,9.09423542022705,9.09423542022705,0,FCAP,2035
2009-11-17,8.791093826293945,9.573198012539846,8.791093826293945,9.573198012539846,300,FCAP,2035
2009-11-18,8.791093826293945,8.791093826293945,8.791093826293945,8.791093826293945,0,FCAP,2035
2009-11-19,8.791093826293945,8.791093826293945,8.791093826293945,8.791093826293945,0,FCAP,2035
2009-11-20,8.791093826293945,8.791093826293945,8.791093826293945,8.791093826293945,0,FCAP,2035
2009-11-23,9.09423542022705,9.09423542022705,9.09423542022705,9.09423542022705,100,FCAP,2035
2009-11-24,8.651652336120605,8.936604720627797,8.651652336120605,8.936604720627797,1300,FCAP,2035
2009-11-25,8.651652336120605,8.651652336120605,8.651652336120605,8.651652336120605,0,FCAP,2035
2009-11-27,8.651652336120605,8.651652336120605,8.651652336120605,8.651652336120605,0,FCAP,2035
2009-11-30,9.221555709838867,9.221555709838867,8.469765641405266,9.09423637742705,700,FCAP,2035
2009-12-01,8.487954139709473,8.487954139709473,8.245441395567598,8.245441395567598,2900,FCAP,2035
2009-12-02,8.487954139709473,8.487954139709473,8.487954139709473,8.487954139709473,0,FCAP,2035
2009-12-03,8.487954139709473,8.487954139709473,8.487954139709473,8.487954139709473,0,FCAP,2035
2009-12-04,8.912349700927734,8.912349700927734,8.60920855070437,8.60920855070437,1000,FCAP,2035
2009-12-07,8.487954139709473,8.487954139709473,8.487954139709473,8.487954139709473,500,FCAP,2035
2009-12-08,8.336382865905762,8.336382865905762,8.336382865905762,8.336382865905762,100,FCAP,2035
2009-12-09,8.336382865905762,8.336382865905762,8.336382865905762,8.336382865905762,0,FCAP,2035
2009-12-10,8.487954139709473,8.487954139709473,8.487954139709473,8.487954139709473,100,FCAP,2035
2009-12-11,8.469764709472656,8.487953018331368,7.984738707071681,7.984738707071681,3600,FCAP,2035
2009-12-14,8.899696350097656,8.899696350097656,8.899696350097656,8.899696350097656,200,FCAP,2035
2009-12-15,8.905841827392578,8.905841827392578,8.727725014274444,8.905841827392578,1000,FCAP,2035
2009-12-16,8.905841827392578,9.2129398214406,8.531182485521452,8.531182485521452,2000,FCAP,2035
2009-12-17,9.21294116973877,9.219083271096922,9.206799068380619,9.206799068380619,1400,FCAP,2035
2009-12-18,9.21294116973877,9.21294116973877,9.21294116973877,9.21294116973877,0,FCAP,2035
2009-12-21,9.21294116973877,9.21294116973877,9.21294116973877,9.21294116973877,0,FCAP,2035
2009-12-22,9.21294116973877,9.21294116973877,9.21294116973877,9.21294116973877,0,FCAP,2035
2009-12-23,8.611031532287598,9.39720255240558,8.598747326378902,9.212943563977396,700,FCAP,2035
2009-12-24,8.611031532287598,8.611031532287598,8.611031532287598,8.611031532287598,0,FCAP,2035
2009-12-28,8.59874439239502,9.077817130248995,8.59874439239502,8.715441379993472,600,FCAP,2035
2009-12-29,9.796426773071289,9.796426773071289,8.598744605835638,8.84442278884803,4000,FCAP,2035
2009-12-30,9.32963752746582,9.32963752746582,8.783003430397846,9.292786093328399,5000,FCAP,2035
2009-12-31,9.32963752746582,9.32963752746582,9.32963752746582,9.32963752746582,0,FCAP,2035
2010-01-04,9.32963752746582,9.32963752746582,9.32963752746582,9.32963752746582,0,FCAP,2035
2010-01-05,9.32963752746582,9.32963752746582,9.32963752746582,9.32963752746582,0,FCAP,2035
2010-01-06,8.783002853393555,8.838280586711171,8.783002853393555,8.783002853393555,2200,FCAP,2035
2010-01-07,8.549610137939453,8.604887883109294,8.549610137939453,8.604887883109294,200,FCAP,2035
2010-01-08,8.783002853393555,8.795286468718055,8.629453854508153,8.629453854508153,700,FCAP,2035
2010-01-11,8.905841827392578,8.924267543027437,8.905841827392578,8.905841827392578,2300,FCAP,2035
2010-01-12,8.985688209533691,9.05939166465187,8.985688209533691,9.05939166465187,800,FCAP,2035
2010-01-13,9.820993423461914,9.820993423461914,8.703156945073934,8.96726139971225,2100,FCAP,2035
2010-01-14,9.23751163482666,9.458622075353546,9.133098224808721,9.145382431042922,1100,FCAP,2035
2010-01-15,9.23751163482666,9.23751163482666,9.23751163482666,9.23751163482666,0,FCAP,2035
2010-01-19,9.059391021728516,9.059391021728516,8.727725204362748,8.727725204362748,200,FCAP,2035
2010-01-20,9.096242904663086,9.520037881668532,9.096242904663086,9.520037881668532,400,FCAP,2035
2010-01-21,8.905841827392578,8.911983927851844,8.905841827392578,8.905841827392578,700,FCAP,2035
2010-01-22,8.905841827392578,8.905841827392578,8.905841827392578,8.905841827392578,0,FCAP,2035
2010-01-25,8.905841827392578,8.905841827392578,8.905841827392578,8.905841827392578,0,FCAP,2035
2010-01-26,8.905841827392578,8.905841827392578,8.905841827392578,8.905841827392578,0,FCAP,2035
2010-01-27,8.905841827392578,8.905841827392578,8.905841827392578,8.905841827392578,100,FCAP,2035
2010-01-28,8.746149063110352,9.090099008622703,8.647877817461916,8.961117852273425,1400,FCAP,2035
2010-01-29,8.899696350097656,8.899696350097656,8.899696350097656,8.899696350097656,100,FCAP,2035
2010-02-01,8.445196151733398,8.445196151733398,8.322357052129519,8.408344128980719,400,FCAP,2035
2010-02-02,8.445196151733398,8.445196151733398,8.445196151733398,8.445196151733398,500,FCAP,2035
2010-02-03,8.445196151733398,8.561893149921326,8.445196151733398,8.457480354565302,800,FCAP,2035
2010-02-04,8.445196151733398,8.445196151733398,8.445196151733398,8.445196151733398,0,FCAP,2035
2010-02-05,10.134236335754395,10.37991455808151,8.561893955631604,8.561893955631604,3800,FCAP,2035
2010-02-08,8.789143562316895,9.67358539813369,8.709298025249506,9.67358539813369,2400,FCAP,2035
2010-02-09,8.758434295654297,9.262074781930616,8.746150095626632,8.813712024292995,700,FCAP,2035
2010-02-10,8.746149063110352,8.997969276520175,8.746149063110352,8.75843326168782,1200,FCAP,2035
2010-02-11,8.746149063110352,8.87513021945963,8.746149063110352,8.789143172388663,400,FCAP,2035
2010-02-12,8.746149063110352,8.75843326168782,8.721581251698243,8.752291162399086,1700,FCAP,2035
2010-02-16,8.746149063110352,8.746149063110352,8.746149063110352,8.746149063110352,0,FCAP,2035
2010-02-17,9.667445182800293,9.667445182800293,9.08395908284535,9.11466900089413,1200,FCAP,2035
2010-02-18,8.807571411132812,9.667445642970865,8.807571411132812,9.667445642970865,1400,FCAP,2035
2010-02-19,8.807571411132812,8.807571411132812,8.807571411132812,8.807571411132812,0,FCAP,2035
2010-02-22,8.985688209533691,9.151520837113843,8.967262492189896,9.04710746259401,1800,FCAP,2035
2010-02-23,8.985688209533691,8.985688209533691,8.985688209533691,8.985688209533691,0,FCAP,2035
2010-02-24,8.985688209533691,8.985688209533691,8.985688209533691,8.985688209533691,0,FCAP,2035
2010-02-25,9.090104103088379,9.765719588435305,9.090104103088379,9.765719588435305,700,FCAP,2035
2010-02-26,9.028685569763184,9.464764969907703,9.028685569763184,9.464764969907703,600,FCAP,2035
2010-03-01,9.028685569763184,9.028685569763184,9.028685569763184,9.028685569763184,100,FCAP,2035
2010-03-02,9.028685569763184,9.028685569763184,9.028685569763184,9.028685569763184,0,FCAP,2035
2010-03-03,9.028685569763184,9.028685569763184,9.028685569763184,9.028685569763184,0,FCAP,2035
2010-03-04,9.028685569763184,9.028685569763184,9.028685569763184,9.028685569763184,0,FCAP,2035
2010-03-05,8.905841827392578,8.905841827392578,8.899699726933314,8.905841827392578,800,FCAP,2035
2010-03-08,8.905841827392578,8.905841827392578,8.905841827392578,8.905841827392578,0,FCAP,2035
2010-03-09,8.905841827392578,8.905841827392578,8.905841827392578,8.905841827392578,200,FCAP,2035
2010-03-10,8.905841827392578,8.905841827392578,8.905841827392578,8.905841827392578,0,FCAP,2035
2010-03-11,9.1760892868042,9.212941309770216,9.1760892868042,9.212941309770216,1200,FCAP,2035
2010-03-12,9.28799057006836,9.28799057006836,9.28799057006836,9.28799057006836,0,FCAP,2035
2010-03-15,9.319079399108887,9.319079399108887,9.319079399108887,9.319079399108887,100,FCAP,2035
2010-03-16,9.32529354095459,9.32529354095459,9.08283569545074,9.32529354095459,800,FCAP,2035
2010-03-17,9.32529354095459,9.32529354095459,9.107703121177838,9.107703121177838,2500,FCAP,2035
2010-03-18,9.38746166229248,9.38746166229248,9.38746166229248,9.38746166229248,500,FCAP,2035
2010-03-19,9.38746166229248,9.38746166229248,9.38746166229248,9.38746166229248,0,FCAP,2035
2010-03-22,9.47449779510498,9.47449779510498,9.47449779510498,9.47449779510498,100,FCAP,2035
2010-03-23,9.38746166229248,9.38746166229248,9.138786831722697,9.138786831722697,400,FCAP,2035
2010-03-24,9.617488861083984,9.617488861083984,9.617488861083984,9.617488861083984,100,FCAP,2035
2010-03-25,9.617488861083984,9.617488861083984,9.617488861083984,9.617488861083984,0,FCAP,2035
2010-03-26,9.617488861083984,9.617488861083984,9.617488861083984,9.617488861083984,0,FCAP,2035
2010-03-29,9.169872283935547,9.169872283935547,9.169872283935547,9.169872283935547,100,FCAP,2035
2010-03-30,9.480711936950684,9.629916441534645,9.480711936950684,9.629916441534645,4200,FCAP,2035
2010-03-31,9.076619148254395,9.207173279595251,9.076619148254395,9.207173279595251,600,FCAP,2035
2010-04-01,9.076619148254395,9.076619148254395,9.076619148254395,9.076619148254395,0,FCAP,2035
2010-04-05,9.076619148254395,9.076619148254395,9.076619148254395,9.076619148254395,0,FCAP,2035
2010-04-06,9.60505199432373,9.779123970167525,9.157437749267787,9.692088278688718,600,FCAP,2035
2010-04-07,9.60505199432373,9.60505199432373,9.60505199432373,9.60505199432373,0,FCAP,2035
2010-04-08,9.60505199432373,9.60505199432373,9.60505199432373,9.60505199432373,0,FCAP,2035
2010-04-09,9.636136054992676,9.636136054992676,9.636136054992676,9.636136054992676,800,FCAP,2035
2010-04-12,9.636136054992676,9.636136054992676,9.636136054992676,9.636136054992676,0,FCAP,2035
2010-04-13,9.636136054992676,9.636136054992676,9.636136054992676,9.636136054992676,0,FCAP,2035
2010-04-14,9.673439025878906,9.673439025878906,9.63613758725185,9.63613758725185,1500,FCAP,2035
2010-04-15,9.673439025878906,9.673439025878906,9.673439025878906,9.673439025878906,0,FCAP,2035
2010-04-16,9.636136054992676,9.636136054992676,9.325292956444525,9.636136054992676,2600,FCAP,2035
2010-04-19,9.636136054992676,9.636136054992676,9.636136054992676,9.636136054992676,0,FCAP,2035
2010-04-20,9.636136054992676,9.636136054992676,9.636136054992676,9.636136054992676,0,FCAP,2035
2010-04-21,9.636136054992676,9.636136054992676,9.636136054992676,9.636136054992676,0,FCAP,2035
2010-04-22,9.636136054992676,9.636136054992676,9.636136054992676,9.636136054992676,0,FCAP,2035
2010-04-23,9.636136054992676,9.636136054992676,9.636136054992676,9.636136054992676,0,FCAP,2035
2010-04-26,9.095269203186035,9.760473249366939,9.06418477451981,9.06418477451981,2700,FCAP,2035
2010-04-27,9.095269203186035,9.095269203186035,9.095269203186035,9.095269203186035,0,FCAP,2035
2010-04-28,9.095269203186035,9.095269203186035,9.095269203186035,9.095269203186035,0,FCAP,2035
2010-04-29,9.095269203186035,9.095269203186035,9.095269203186035,9.095269203186035,0,FCAP,2035
2010-04-30,9.095269203186035,9.77912366941221,9.095269203186035,9.766690253677417,1900,FCAP,2035
2010-05-03,9.095269203186035,9.095269203186035,9.095269203186035,9.095269203186035,100,FCAP,2035
2010-05-04,9.567750930786133,9.779123742956555,9.511799077343369,9.69208805349996,900,FCAP,2035
2010-05-05,9.567750930786133,9.567750930786133,9.567750930786133,9.567750930786133,1500,FCAP,2035
2010-05-06,9.567750930786133,9.567750930786133,9.567750930786133,9.567750930786133,0,FCAP,2035
2010-05-07,9.567750930786133,9.567750930786133,9.567750930786133,9.567750930786133,500,FCAP,2035
2010-05-10,9.567750930786133,9.567750930786133,9.567750930786133,9.567750930786133,200,FCAP,2035
2010-05-11,9.567750930786133,9.567750930786133,9.567750930786133,9.567750930786133,0,FCAP,2035
2010-05-12,9.60505199432373,9.60505199432373,9.60505199432373,9.60505199432373,400,FCAP,2035
2010-05-13,9.573968887329102,9.573968887329102,9.573968887329102,9.573968887329102,300,FCAP,2035
2010-05-14,9.32529354095459,9.455847674243403,9.32529354095459,9.32529354095459,1100,FCAP,2035
2010-05-17,9.312860488891602,9.312860488891602,9.14500549620188,9.18230693506974,800,FCAP,2035
2010-05-18,9.312860488891602,9.312860488891602,9.312860488891602,9.312860488891602,0,FCAP,2035
2010-05-19,9.312860488891602,9.312860488891602,9.312860488891602,9.312860488891602,0,FCAP,2035
2010-05-20,9.480711936950684,9.480711936950684,9.480711936950684,9.480711936950684,100,FCAP,2035
2010-05-21,9.480711936950684,9.480711936950684,9.480711936950684,9.480711936950684,0,FCAP,2035
2010-05-24,9.480711936950684,9.480711936950684,9.480711936950684,9.480711936950684,0,FCAP,2035
2010-05-25,9.480711936950684,9.480711936950684,9.480711936950684,9.480711936950684,0,FCAP,2035
2010-05-26,9.350162506103516,9.449632225388719,9.350162506103516,9.449632225388719,400,FCAP,2035
2010-05-27,9.350162506103516,9.350162506103516,9.350162506103516,9.350162506103516,1600,FCAP,2035
2010-05-28,9.232041358947754,9.61748677571466,9.232041358947754,9.325294062417436,2400,FCAP,2035
2010-06-01,9.232041358947754,9.232041358947754,9.232041358947754,9.232041358947754,0,FCAP,2035
2010-06-02,9.120135307312012,9.567749473805076,9.120135307312012,9.567749473805076,1000,FCAP,2035
2010-06-03,9.10148811340332,9.10148811340332,9.10148811340332,9.10148811340332,200,FCAP,2035
2010-06-04,9.10148811340332,9.10148811340332,9.10148811340332,9.10148811340332,0,FCAP,2035
2010-06-07,9.10148811340332,9.10148811340332,9.10148811340332,9.10148811340332,0,FCAP,2035
2010-06-08,9.10148811340332,9.10148811340332,9.10148811340332,9.10148811340332,0,FCAP,2035
2010-06-09,9.064188003540039,9.064188003540039,9.064188003540039,9.064188003540039,200,FCAP,2035
2010-06-10,9.064188003540039,9.064188003540039,9.064188003540039,9.064188003540039,0,FCAP,2035
2010-06-11,9.169872283935547,9.169872283935547,9.169872283935547,9.169872283935547,100,FCAP,2035
2010-06-14,9.283159255981445,9.283159255981445,9.283159255981445,9.283159255981445,0,FCAP,2035
2010-06-15,9.283159255981445,9.283159255981445,9.283159255981445,9.283159255981445,0,FCAP,2035
2010-06-16,9.125815391540527,9.125815391540527,9.125815391540527,9.125815391540527,200,FCAP,2035
2010-06-17,9.125815391540527,9.125815391540527,9.125815391540527,9.125815391540527,1800,FCAP,2035
2010-06-18,9.125815391540527,9.125815391540527,9.125815391540527,9.125815391540527,0,FCAP,2035
2010-06-21,9.125815391540527,9.125815391540527,9.125815391540527,9.125815391540527,0,FCAP,2035
2010-06-22,8.968478202819824,9.044002157765615,8.968478202819824,9.044002157765615,1700,FCAP,2035
2010-06-23,8.968478202819824,8.968478202819824,8.968478202819824,8.968478202819824,0,FCAP,2035
2010-06-24,9.283159255981445,9.283159255981445,8.968475891371904,8.968475891371904,800,FCAP,2035
2010-06-25,9.283159255981445,9.283159255981445,9.283159255981445,9.283159255981445,0,FCAP,2035
2010-06-28,9.283159255981445,9.283159255981445,9.283159255981445,9.283159255981445,500,FCAP,2035
2010-06-29,9.283159255981445,9.283159255981445,9.283159255981445,9.283159255981445,0,FCAP,2035
2010-06-30,9.440499305725098,9.849587368888871,9.440499305725098,9.849587368888871,4200,FCAP,2035
2010-07-01,9.440499305725098,9.440499305725098,9.440499305725098,9.440499305725098,0,FCAP,2035
2010-07-02,9.440499305725098,9.440499305725098,9.440499305725098,9.440499305725098,0,FCAP,2035
2010-07-06,9.440499305725098,9.446793115979501,9.440499305725098,9.446793115979501,800,FCAP,2035
2010-07-07,8.930713653564453,9.44050097003937,8.930713653564453,9.44050097003937,300,FCAP,2035
2010-07-08,9.125815391540527,9.125815391540527,9.125815391540527,9.125815391540527,200,FCAP,2035
2010-07-09,9.748891830444336,9.748891830444336,9.73630480624094,9.742598018237153,600,FCAP,2035
2010-07-12,9.188754081726074,9.188754081726074,9.1258171714935,9.138404793624359,800,FCAP,2035
2010-07-13,9.188754081726074,9.188754081726074,9.188754081726074,9.188754081726074,0,FCAP,2035
2010-07-14,9.125815391540527,9.125815391540527,9.125815391540527,9.125815391540527,400,FCAP,2035
2010-07-15,8.95588493347168,8.95588493347168,8.95588493347168,8.95588493347168,200,FCAP,2035
2010-07-16,8.95588493347168,8.95588493347168,8.95588493347168,8.95588493347168,0,FCAP,2035
2010-07-19,9.440499305725098,9.440499305725098,9.440499305725098,9.440499305725098,200,FCAP,2035
2010-07-20,9.440499305725098,9.440499305725098,9.440499305725098,9.440499305725098,0,FCAP,2035
2010-07-21,9.471965789794922,10.069863834953132,9.283155722847418,10.025808372742622,1100,FCAP,2035
2010-07-22,9.471965789794922,9.471965789794922,9.471965789794922,9.471965789794922,0,FCAP,2035
2010-07-23,9.471965789794922,9.471965789794922,9.471965789794922,9.471965789794922,0,FCAP,2035
2010-07-26,9.471965789794922,9.471965789794922,9.471965789794922,9.471965789794922,0,FCAP,2035
2010-07-27,9.471965789794922,9.471965789794922,9.471965789794922,9.471965789794922,0,FCAP,2035
2010-07-28,9.16987419128418,9.16987419128418,9.16358097937083,9.16358097937083,700,FCAP,2035
2010-07-29,9.16987419128418,9.16987419128418,9.16987419128418,9.16987419128418,3300,FCAP,2035
2010-07-30,9.16987419128418,9.16987419128418,9.16987419128418,9.16987419128418,0,FCAP,2035
2010-08-02,9.16987419128418,9.16987419128418,9.16987419128418,9.16987419128418,0,FCAP,2035
2010-08-03,9.16987419128418,9.16987419128418,9.16987419128418,9.16987419128418,500,FCAP,2035
2010-08-04,9.16987419128418,9.16987419128418,9.16987419128418,9.16987419128418,0,FCAP,2035
2010-08-05,9.748891830444336,9.748891830444336,9.12581882699658,9.12581882699658,2100,FCAP,2035
2010-08-06,9.748891830444336,9.748891830444336,9.748891830444336,9.748891830444336,0,FCAP,2035
2010-08-09,9.125815391540527,9.44679249074184,9.125815391540527,9.44679249074184,2700,FCAP,2035
2010-08-10,9.125815391540527,9.125815391540527,9.125815391540527,9.125815391540527,0,FCAP,2035
2010-08-11,9.125815391540527,9.125815391540527,9.125815391540527,9.125815391540527,0,FCAP,2035
2010-08-12,9.704829216003418,9.73629765371085,9.125812122944575,9.144692945484824,900,FCAP,2035
2010-08-13,9.704829216003418,9.704829216003418,9.704829216003418,9.704829216003418,0,FCAP,2035
2010-08-16,9.516024589538574,9.516024589538574,9.516024589538574,9.516024589538574,100,FCAP,2035
2010-08-17,9.516024589538574,9.516024589538574,9.516024589538574,9.516024589538574,0,FCAP,2035
2010-08-18,9.516024589538574,9.516024589538574,9.516024589538574,9.516024589538574,0,FCAP,2035
2010-08-19,9.516024589538574,9.516024589538574,9.516024589538574,9.516024589538574,0,FCAP,2035
2010-08-20,9.516024589538574,9.516024589538574,9.516024589538574,9.516024589538574,0,FCAP,2035
2010-08-23,9.125815391540527,9.497141769023136,9.125815391540527,9.377561782947003,1000,FCAP,2035
2010-08-24,9.59783935546875,9.59783935546875,9.59783935546875,9.59783935546875,300,FCAP,2035
2010-08-25,9.440499305725098,9.440499305725098,9.440499305725098,9.440499305725098,300,FCAP,2035
2010-08-26,9.440499305725098,9.440499305725098,9.440499305725098,9.440499305725098,300,FCAP,2035
2010-08-27,9.440499305725098,9.440499305725098,9.440499305725098,9.440499305725098,400,FCAP,2035
2010-08-30,9.471965789794922,9.471965789794922,9.283155722847418,9.283155722847418,200,FCAP,2035
2010-08-31,9.471965789794922,9.471965789794922,9.471965789794922,9.471965789794922,0,FCAP,2035
2010-09-01,9.471965789794922,9.471965789794922,9.471965789794922,9.471965789794922,0,FCAP,2035
2010-09-02,9.471965789794922,9.471965789794922,9.471965789794922,9.471965789794922,0,FCAP,2035
2010-09-03,9.471965789794922,9.471965789794922,9.471965789794922,9.471965789794922,0,FCAP,2035
2010-09-07,9.440499305725098,9.440499305725098,9.434205495470692,9.434205495470692,1000,FCAP,2035
2010-09-08,9.78035831451416,9.78035831451416,9.440500326759262,9.440500326759262,1000,FCAP,2035
2010-09-09,9.78035831451416,9.78035831451416,9.78035831451416,9.78035831451416,0,FCAP,2035
2010-09-10,9.78035831451416,9.78035831451416,9.78035831451416,9.78035831451416,0,FCAP,2035
2010-09-13,9.440499305725098,9.440499305725098,9.12581599553426,9.440499305725098,1300,FCAP,2035
2010-09-14,9.325762748718262,9.325762748718262,9.325762748718262,9.325762748718262,300,FCAP,2035
2010-09-15,9.351258277893066,9.351258277893066,9.351258277893066,9.351258277893066,200,FCAP,2035
2010-09-16,9.720972061157227,9.720972061157227,9.720972061157227,9.720972061157227,200,FCAP,2035
2010-09-17,9.720972061157227,9.720972061157227,9.720972061157227,9.720972061157227,0,FCAP,2035
2010-09-20,9.402254104614258,9.402254104614258,9.402254104614258,9.402254104614258,400,FCAP,2035
2010-09-21,9.402254104614258,9.402254104614258,9.402254104614258,9.402254104614258,0,FCAP,2035
2010-09-22,9.402254104614258,9.408628660075363,9.402254104614258,9.408628660075363,400,FCAP,2035
2010-09-23,9.415003776550293,9.421377724480136,9.415003776550293,9.421377724480136,800,FCAP,2035
2010-09-24,9.720972061157227,9.720972061157227,9.720972061157227,9.720972061157227,200,FCAP,2035
2010-09-27,9.720972061157227,9.720972061157227,9.708222953542078,9.708222953542078,3000,FCAP,2035
2010-09-28,9.720972061157227,9.720972061157227,9.720972061157227,9.720972061157227,0,FCAP,2035
2010-09-29,9.472370147705078,9.504242309551573,9.465996201664518,9.504242309551573,1000,FCAP,2035
2010-09-30,9.714600563049316,9.905832982051772,9.714600563049316,9.905832982051772,5400,FCAP,2035
2010-10-01,9.529742240905762,9.529742240905762,9.459623954076578,9.465998509582251,900,FCAP,2035
2010-10-04,9.529742240905762,9.529742240905762,9.529742240905762,9.529742240905762,0,FCAP,2035
2010-10-05,9.561614990234375,9.561614990234375,9.465999083496476,9.465999083496476,500,FCAP,2035
2010-10-06,9.561614990234375,9.561614990234375,9.561614990234375,9.561614990234375,0,FCAP,2035
2010-10-07,9.561614990234375,9.561614990234375,9.561614990234375,9.561614990234375,500,FCAP,2035
2010-10-08,9.561614990234375,9.561614990234375,9.434126911946805,9.561614990234375,2000,FCAP,2035
2010-10-11,9.561614990234375,9.561614990234375,9.561614990234375,9.561614990234375,0,FCAP,2035
2010-10-12,9.561614990234375,9.561614990234375,9.536117374576861,9.536117374576861,1000,FCAP,2035
2010-10-13,10.135307312011719,10.135307312011719,10.135307312011719,10.135307312011719,100,FCAP,2035
2010-10-14,9.497870445251465,9.497870445251465,9.497870445251465,9.497870445251465,200,FCAP,2035
2010-10-15,9.497870445251465,9.497870445251465,9.497870445251465,9.497870445251465,200,FCAP,2035
2010-10-18,9.497870445251465,9.497870445251465,9.497870445251465,9.497870445251465,0,FCAP,2035
2010-10-19,9.8739595413208,9.8739595413208,9.485120805410611,9.485120805410611,200,FCAP,2035
2010-10-20,9.8739595413208,9.8739595413208,9.8739595413208,9.8739595413208,0,FCAP,2035
2010-10-21,9.8739595413208,9.8739595413208,9.8739595413208,9.8739595413208,0,FCAP,2035
2010-10-22,9.8739595413208,9.8739595413208,9.8739595413208,9.8739595413208,0,FCAP,2035
2010-10-25,9.56799030303955,9.625360094785195,9.478748337222866,9.497871398501028,600,FCAP,2035
2010-10-26,9.56799030303955,9.56799030303955,9.56799030303955,9.56799030303955,0,FCAP,2035
2010-10-27,9.56799030303955,9.56799030303955,9.56799030303955,9.56799030303955,0,FCAP,2035
2010-10-28,9.561614990234375,9.574364102018688,9.561614990234375,9.574364102018688,1200,FCAP,2035
2010-10-29,9.561614990234375,9.561614990234375,9.561614990234375,9.561614990234375,0,FCAP,2035
2010-11-01,9.56799030303955,9.867587158738335,9.56799030303955,9.867587158738335,300,FCAP,2035
2010-11-02,9.574363708496094,9.593486767475461,9.574363708496094,9.593486767475461,200,FCAP,2035
2010-11-03,10.05244255065918,10.128935380123524,9.5743619105738,9.5743619105738,1200,FCAP,2035
2010-11-04,10.05244255065918,10.05244255065918,10.05244255065918,10.05244255065918,0,FCAP,2035
2010-11-05,10.007823944091797,10.071568289585384,10.007823944091797,10.039696116838591,300,FCAP,2035
2010-11-08,10.007823944091797,10.007823944091797,10.007823944091797,10.007823944091797,0,FCAP,2035
2010-11-09,10.007823944091797,10.007823944091797,10.007823944091797,10.007823944091797,0,FCAP,2035
2010-11-10,10.007823944091797,10.007823944091797,10.007823944091797,10.007823944091797,0,FCAP,2035
2010-11-11,10.007823944091797,10.007823944091797,10.007823944091797,10.007823944091797,0,FCAP,2035
2010-11-12,10.007823944091797,10.007823944091797,10.007823944091797,10.007823944091797,500,FCAP,2035
2010-11-15,10.007823944091797,10.007823944091797,10.007823944091797,10.007823944091797,0,FCAP,2035
2010-11-16,10.007823944091797,10.007823944091797,10.007823944091797,10.007823944091797,0,FCAP,2035
2010-11-17,10.007823944091797,10.007823944091797,10.007823944091797,10.007823944091797,300,FCAP,2035
2010-11-18,10.148061752319336,10.148061752319336,10.148061752319336,10.148061752319336,200,FCAP,2035
2010-11-19,10.084308624267578,10.199048110036898,9.854830260639579,10.007815836391579,2200,FCAP,2035
2010-11-22,10.084308624267578,10.084308624267578,10.084308624267578,10.084308624267578,0,FCAP,2035
2010-11-23,9.663605690002441,9.663605690002441,9.663605690002441,9.663605690002441,400,FCAP,2035
2010-11-24,9.689099311828613,9.689099311828613,9.689099311828613,9.689099311828613,200,FCAP,2035
2010-11-26,9.689099311828613,9.689099311828613,9.689099311828613,9.689099311828613,0,FCAP,2035
2010-11-29,9.963201522827148,9.963201522827148,9.963201522827148,9.963201522827148,100,FCAP,2035
2010-11-30,9.88033390045166,9.88033390045166,9.88033390045166,9.88033390045166,300,FCAP,2035
2010-12-01,9.88033390045166,9.88033390045166,9.88033390045166,9.88033390045166,0,FCAP,2035
2010-12-02,9.937704086303711,9.937704086303711,9.886708861099324,9.886708861099324,300,FCAP,2035
2010-12-03,9.937704086303711,9.937704086303711,9.937704086303711,9.937704086303711,0,FCAP,2035
2010-12-06,9.937704086303711,9.937704086303711,9.937704086303711,9.937704086303711,0,FCAP,2035
2010-12-07,9.937704086303711,9.937704086303711,9.937704086303711,9.937704086303711,0,FCAP,2035
2010-12-08,9.88033390045166,9.88033390045166,9.88033390045166,9.88033390045166,400,FCAP,2035
2010-12-09,9.88033390045166,9.88033390045166,9.88033390045166,9.88033390045166,0,FCAP,2035
2010-12-10,9.886711120605469,9.963203975893705,9.886711120605469,9.94408091404944,700,FCAP,2035
2010-12-13,10.192679405212402,10.199053959835936,10.122561128086485,10.122561128086485,1000,FCAP,2035
2010-12-14,10.3152494430542,10.3152494430542,10.3152494430542,10.3152494430542,0,FCAP,2035
2010-12-15,10.3152494430542,10.3152494430542,10.3152494430542,10.3152494430542,0,FCAP,2035
2010-12-16,9.902383804321289,9.902383804321289,9.902383804321289,9.902383804321289,400,FCAP,2035
2010-12-17,9.902383804321289,9.902383804321289,9.902383804321289,9.902383804321289,0,FCAP,2035
2010-12-20,10.3152494430542,10.3152494430542,10.3152494430542,10.3152494430542,100,FCAP,2035
2010-12-21,10.3152494430542,10.3152494430542,10.3152494430542,10.3152494430542,0,FCAP,2035
2010-12-22,9.999147415161133,9.999147415161133,9.999147415161133,9.999147415161133,200,FCAP,2035
2010-12-23,9.876578330993652,9.999148264832922,9.876578330993652,9.999148264832922,2400,FCAP,2035
2010-12-27,9.876578330993652,9.876578330993652,9.876578330993652,9.876578330993652,0,FCAP,2035
2010-12-28,10.321700096130371,10.321700096130371,10.315248885917185,10.315248885917185,1700,FCAP,2035
2010-12-29,10.321700096130371,10.321700096130371,10.321700096130371,10.321700096130371,0,FCAP,2035
2010-12-30,10.482978820800781,10.60554937922951,10.482978820800781,10.60554937922951,4300,FCAP,2035
2010-12-31,10.734567642211914,10.766823693085463,10.734567642211914,10.766823693085463,400,FCAP,2035
2011-01-03,10.734567642211914,10.734567642211914,10.734567642211914,10.734567642211914,0,FCAP,2035
2011-01-04,10.734567642211914,10.734567642211914,10.734567642211914,10.734567642211914,0,FCAP,2035
2011-01-05,10.734567642211914,10.734567642211914,10.734567642211914,10.734567642211914,0,FCAP,2035
2011-01-06,10.734567642211914,10.734567642211914,10.734567642211914,10.734567642211914,0,FCAP,2035
2011-01-07,10.734567642211914,10.734567642211914,10.734567642211914,10.734567642211914,0,FCAP,2035
2011-01-10,10.734567642211914,10.734567642211914,10.734567642211914,10.734567642211914,0,FCAP,2035
2011-01-11,10.741018295288086,10.741018295288086,10.741018295288086,10.741018295288086,200,FCAP,2035
2011-01-12,10.741018295288086,10.741018295288086,10.741018295288086,10.741018295288086,0,FCAP,2035
2011-01-13,10.741018295288086,10.741018295288086,10.741018295288086,10.741018295288086,0,FCAP,2035
2011-01-14,10.611995697021484,10.741016177052133,10.611995697021484,10.741016177052133,200,FCAP,2035
2011-01-18,10.741018295288086,10.741018295288086,10.741018295288086,10.741018295288086,100,FCAP,2035
2011-01-19,10.741018295288086,10.741018295288086,10.741018295288086,10.741018295288086,0,FCAP,2035
2011-01-20,10.741018295288086,10.741018295288086,10.741018295288086,10.741018295288086,0,FCAP,2035
2011-01-21,10.741018295288086,10.741018295288086,10.741018295288086,10.741018295288086,0,FCAP,2035
2011-01-24,10.837786674499512,10.837786674499512,10.837786674499512,10.837786674499512,100,FCAP,2035
2011-01-25,10.657158851623535,10.844239082333903,10.521685857263769,10.818435464158604,2100,FCAP,2035
2011-01-26,10.218482971191406,10.224934181264176,10.173325731124523,10.224934181264176,2000,FCAP,2035
2011-01-27,10.218482971191406,10.218482971191406,10.218482971191406,10.218482971191406,0,FCAP,2035
2011-01-28,10.024954795837402,10.031406008368583,10.024954795837402,10.031406008368583,1600,FCAP,2035
2011-01-31,10.024954795837402,10.024954795837402,10.024954795837402,10.024954795837402,0,FCAP,2035
2011-02-01,10.024954795837402,10.024954795837402,10.024954795837402,10.024954795837402,0,FCAP,2035
2011-02-02,10.024954795837402,10.024954795837402,10.024954795837402,10.024954795837402,200,FCAP,2035
2011-02-03,10.024954795837402,10.031406008368583,10.024954795837402,10.031406008368583,500,FCAP,2035
2011-02-04,10.031401634216309,10.031401634216309,10.031401634216309,10.031401634216309,300,FCAP,2035
2011-02-07,10.031401634216309,10.031401634216309,10.031401634216309,10.031401634216309,0,FCAP,2035
2011-02-08,10.08946418762207,10.08946418762207,9.999149071304775,10.031404513933909,1000,FCAP,2035
2011-02-09,10.08946418762207,10.08946418762207,10.08946418762207,10.08946418762207,0,FCAP,2035
2011-02-10,10.08946418762207,10.08946418762207,10.08946418762207,10.08946418762207,0,FCAP,2035
2011-02-11,10.08946418762207,10.08946418762207,10.08946418762207,10.08946418762207,0,FCAP,2035
2011-02-14,10.08946418762207,10.08946418762207,10.08946418762207,10.08946418762207,0,FCAP,2035
2011-02-15,10.631348609924316,10.631348609924316,10.631348609924316,10.631348609924316,100,FCAP,2035
2011-02-16,10.631348609924316,10.631348609924316,10.631348609924316,10.631348609924316,0,FCAP,2035
2011-02-17,10.631348609924316,10.631348609924316,10.631348609924316,10.631348609924316,0,FCAP,2035
2011-02-18,10.128170013427734,10.128170013427734,10.128170013427734,10.128170013427734,400,FCAP,2035
2011-02-22,10.128170013427734,10.128170013427734,10.128170013427734,10.128170013427734,0,FCAP,2035
2011-02-23,10.128170013427734,10.128170013427734,10.128170013427734,10.128170013427734,0,FCAP,2035
2011-02-24,10.450724601745605,10.766826603085583,10.450724601745605,10.760375391167273,500,FCAP,2035
2011-02-25,10.450724601745605,10.450724601745605,10.450724601745605,10.450724601745605,0,FCAP,2035
2011-02-28,10.321700096130371,10.321700096130371,10.321700096130371,10.321700096130371,200,FCAP,2035
2011-03-01,10.476526260375977,10.476526260375977,10.476526260375977,10.476526260375977,200,FCAP,2035
2011-03-02,10.476526260375977,10.476526260375977,10.476526260375977,10.476526260375977,0,FCAP,2035
2011-03-03,10.476526260375977,10.476526260375977,10.476526260375977,10.476526260375977,0,FCAP,2035
2011-03-04,10.573291778564453,10.573291778564453,10.573291778564453,10.573291778564453,400,FCAP,2035
2011-03-07,10.573291778564453,10.573291778564453,10.573291778564453,10.573291778564453,0,FCAP,2035
2011-03-08,10.482978820800781,10.482978820800781,10.482978820800781,10.482978820800781,1100,FCAP,2035
2011-03-09,10.321700096130371,10.328151306343557,10.321700096130371,10.328151306343557,1200,FCAP,2035
2011-03-10,10.321700096130371,10.321700096130371,10.321700096130371,10.321700096130371,0,FCAP,2035
2011-03-11,10.173327445983887,10.32815282250087,10.173327445983887,10.32815282250087,2400,FCAP,2035
2011-03-14,10.297391891479492,10.297391891479492,10.297391891479492,10.297391891479492,0,FCAP,2035
2011-03-15,10.297391891479492,10.297391891479492,10.297391891479492,10.297391891479492,0,FCAP,2035
2011-03-16,10.121087074279785,10.238622478285013,10.121087074279785,10.238622478285013,4100,FCAP,2035
2011-03-17,10.708763122558594,10.767530826063224,10.708763122558594,10.761000942846279,900,FCAP,2035
2011-03-18,10.708763122558594,10.708763122558594,10.708763122558594,10.708763122558594,0,FCAP,2035
2011-03-21,10.708763122558594,10.708763122558594,10.708763122558594,10.708763122558594,0,FCAP,2035
2011-03-22,10.708763122558594,10.708763122558594,10.708763122558594,10.708763122558594,0,FCAP,2035
2011-03-23,10.708763122558594,10.708763122558594,10.708763122558594,10.708763122558594,0,FCAP,2035
2011-03-24,10.708763122558594,10.708763122558594,10.708763122558594,10.708763122558594,0,FCAP,2035
2011-03-25,10.708763122558594,10.708763122558594,10.708763122558594,10.708763122558594,0,FCAP,2035
2011-03-28,10.708763122558594,10.708763122558594,10.708763122558594,10.708763122558594,0,FCAP,2035
2011-03-29,10.774065017700195,10.774065017700195,10.741416834007726,10.761005246043858,3500,FCAP,2035
2011-03-30,10.68917465209961,10.774060642497986,10.454103839538154,10.774060642497986,6100,FCAP,2035
2011-03-31,10.62387752532959,10.754471458164366,10.62387752532959,10.754471458164366,400,FCAP,2035
2011-04-01,10.62387752532959,10.62387752532959,10.62387752532959,10.62387752532959,0,FCAP,2035
2011-04-04,10.774065017700195,10.774065017700195,10.708767404866883,10.75447536021569,900,FCAP,2035
2011-04-05,10.774065017700195,10.774065017700195,10.774065017700195,10.774065017700195,0,FCAP,2035
2011-04-06,10.447574615478516,10.447574615478516,10.316980057329829,10.336569085371138,500,FCAP,2035
2011-04-07,10.447574615478516,10.447574615478516,10.447574615478516,10.447574615478516,0,FCAP,2035
2011-04-08,10.447574615478516,10.447574615478516,10.447574615478516,10.447574615478516,0,FCAP,2035
2011-04-11,10.447574615478516,10.447574615478516,10.447574615478516,10.447574615478516,0,FCAP,2035
2011-04-12,10.610816955566406,10.774060293344352,10.610816955566406,10.747940761484923,3800,FCAP,2035
2011-04-13,10.610816955566406,10.610816955566406,10.610816955566406,10.610816955566406,400,FCAP,2035
2011-04-14,10.610816955566406,10.767530410379495,10.610816955566406,10.767530410379495,400,FCAP,2035
2011-04-15,10.610816955566406,10.610816955566406,10.610816955566406,10.610816955566406,0,FCAP,2035
2011-04-18,10.610816955566406,10.617346838531263,10.610816955566406,10.617346838531263,300,FCAP,2035
2011-04-19,10.747941970825195,10.747941970825195,10.747941970825195,10.747941970825195,100,FCAP,2035
2011-04-20,10.747941970825195,10.747941970825195,10.747941970825195,10.747941970825195,0,FCAP,2035
2011-04-21,10.774065017700195,10.774065017700195,10.623881379997439,10.623881379997439,600,FCAP,2035
2011-04-25,10.774065017700195,10.774065017700195,10.774065017700195,10.774065017700195,0,FCAP,2035
2011-04-26,10.774065017700195,10.774065017700195,10.774065017700195,10.774065017700195,300,FCAP,2035
2011-04-27,10.774065017700195,10.774065017700195,10.774065017700195,10.774065017700195,0,FCAP,2035
2011-04-28,10.774065017700195,10.80018456101287,10.774065017700195,10.774065017700195,1300,FCAP,2035
2011-04-29,10.774065017700195,10.774065017700195,10.774065017700195,10.774065017700195,500,FCAP,2035
2011-05-02,10.774065017700195,10.774065017700195,10.774065017700195,10.774065017700195,0,FCAP,2035
2011-05-03,10.774065017700195,10.774065017700195,10.774065017700195,10.774065017700195,0,FCAP,2035
2011-05-04,10.774065017700195,10.780594903528364,10.774065017700195,10.780594903528364,500,FCAP,2035
2011-05-05,10.774065017700195,10.774065017700195,10.774065017700195,10.774065017700195,0,FCAP,2035
2011-05-06,10.774065017700195,10.774065017700195,10.774065017700195,10.774065017700195,0,FCAP,2035
2011-05-09,10.774065017700195,10.774065017700195,10.774065017700195,10.774065017700195,0,FCAP,2035
2011-05-10,10.774065017700195,10.774065017700195,10.774065017700195,10.774065017700195,0,FCAP,2035
2011-05-11,10.8524169921875,10.8524169921875,10.8524169921875,10.8524169921875,200,FCAP,2035
2011-05-12,10.904656410217285,10.911185048302164,10.858947225487563,10.858947225487563,2000,FCAP,2035
2011-05-13,10.839361190795898,10.839361190795898,10.839361190795898,10.839361190795898,400,FCAP,2035
2011-05-16,10.813239097595215,10.813239097595215,10.793650692786372,10.806709214176296,300,FCAP,2035
2011-05-17,10.839361190795898,10.839361190795898,10.839361190795898,10.839361190795898,100,FCAP,2035
2011-05-18,10.839361190795898,10.839361190795898,10.839361190795898,10.839361190795898,0,FCAP,2035
2011-05-19,11.041780471801758,11.041780471801758,11.041780471801758,11.041780471801758,200,FCAP,2035
2011-05-20,11.074432373046875,11.074432373046875,11.048314074994039,11.048314074994039,600,FCAP,2035
2011-05-23,11.067898750305176,11.074427387793172,11.067898750305176,11.074427387793172,900,FCAP,2035
2011-05-24,11.067898750305176,11.067898750305176,11.067898750305176,11.067898750305176,0,FCAP,2035
2011-05-25,11.067898750305176,11.067898750305176,11.067898750305176,11.067898750305176,0,FCAP,2035
2011-05-26,11.067898750305176,11.067898750305176,11.067898750305176,11.067898750305176,100,FCAP,2035
2011-05-27,10.937305450439453,10.937305450439453,10.937305450439453,10.937305450439453,100,FCAP,2035
2011-05-31,10.996072769165039,10.996072769165039,10.996072769165039,10.996072769165039,300,FCAP,2035
2011-06-01,10.996072769165039,10.996072769165039,10.996072769165039,10.996072769165039,0,FCAP,2035
2011-06-02,10.996072769165039,10.996072769165039,10.996072769165039,10.996072769165039,0,FCAP,2035
2011-06-03,11.067898750305176,11.067898750305176,11.067898750305176,11.067898750305176,200,FCAP,2035
2011-06-06,11.067898750305176,11.067898750305176,11.067898750305176,11.067898750305176,0,FCAP,2035
2011-06-07,11.067898750305176,11.067898750305176,11.067898750305176,11.067898750305176,0,FCAP,2035
2011-06-08,11.067898750305176,11.067898750305176,11.067898750305176,11.067898750305176,0,FCAP,2035
2011-06-09,10.937305450439453,10.937305450439453,10.937305450439453,10.937305450439453,600,FCAP,2035
2011-06-10,10.937305450439453,10.937305450439453,10.937305450439453,10.937305450439453,0,FCAP,2035
2011-06-13,10.937305450439453,10.937305450439453,10.937305450439453,10.937305450439453,0,FCAP,2035
2011-06-14,11.003355979919434,11.062797980294087,11.003355979919434,11.062797980294087,2300,FCAP,2035
2011-06-15,11.062795639038086,11.062795639038086,10.99674884596194,10.99674884596194,2200,FCAP,2035
2011-06-16,11.062795639038086,11.062795639038086,11.062795639038086,11.062795639038086,0,FCAP,2035
2011-06-17,11.029769897460938,11.029769897460938,11.029769897460938,11.029769897460938,100,FCAP,2035
2011-06-20,11.062795639038086,11.062795639038086,11.062795639038086,11.062795639038086,200,FCAP,2035
2011-06-21,11.194889068603516,11.201492614054745,11.082609899865897,11.188284263414506,1400,FCAP,2035
2011-06-22,11.201489448547363,11.201489448547363,11.194885904962277,11.194885904962277,600,FCAP,2035
2011-06-23,11.53172492980957,11.53172492980957,11.53172492980957,11.53172492980957,100,FCAP,2035
2011-06-24,11.53172492980957,11.53172492980957,11.53172492980957,11.53172492980957,0,FCAP,2035
2011-06-27,12.218608856201172,12.218608856201174,11.472283572242109,11.472283572242109,1600,FCAP,2035
2011-06-28,11.65721321105957,12.192189793462523,11.624190447354058,12.020469910508636,6200,FCAP,2035
2011-06-29,11.670422554016113,11.88837606481488,11.439259434141626,11.88837606481488,1500,FCAP,2035
2011-06-30,11.822328567504883,11.822328567504883,11.353398811183883,11.78930580654111,3200,FCAP,2035
2011-07-01,11.62419319152832,12.429960657698128,11.584565613779112,11.769495149767405,500,FCAP,2035
2011-07-05,11.617588996887207,11.617588996887207,11.617588996887207,11.617588996887207,100,FCAP,2035
2011-07-06,11.617588996887207,11.617588996887207,11.617588996887207,11.617588996887207,0,FCAP,2035
2011-07-07,11.617588996887207,11.617588996887207,11.617588996887207,11.617588996887207,0,FCAP,2035
2011-07-08,11.617588996887207,11.617588996887207,11.617588996887207,11.617588996887207,0,FCAP,2035
2011-07-11,11.617588996887207,11.617588996887207,11.617588996887207,11.617588996887207,0,FCAP,2035
2011-07-12,11.617588996887207,11.617588996887207,11.617588996887207,11.617588996887207,0,FCAP,2035
2011-07-13,11.723259925842285,11.736469535138024,11.723259925842285,11.736469535138024,800,FCAP,2035
2011-07-14,11.723259925842285,11.723259925842285,11.723259925842285,11.723259925842285,100,FCAP,2035
2011-07-15,11.723259925842285,11.723259925842285,11.723259925842285,11.723259925842285,0,FCAP,2035
2011-07-18,11.723259925842285,11.749679144433761,11.558143588858591,11.729864730490155,6700,FCAP,2035
2011-07-19,11.227910995483398,11.254330214264508,11.227910995483398,11.254330214264508,1200,FCAP,2035
2011-07-20,11.227910995483398,11.227910995483398,11.227910995483398,11.227910995483398,0,FCAP,2035
2011-07-21,11.227910995483398,11.227910995483398,11.227910995483398,11.227910995483398,0,FCAP,2035
2011-07-22,12.18558406829834,12.18558406829834,11.703443490192479,11.703443490192479,1300,FCAP,2035
2011-07-25,12.18558406829834,12.18558406829834,12.18558406829834,12.18558406829834,0,FCAP,2035
2011-07-26,11.558141708374023,11.875164721466717,11.227909088134766,11.227909088134766,400,FCAP,2035
2011-07-27,11.577957153320312,11.577957153320312,11.577957153320312,11.577957153320312,300,FCAP,2035
2011-07-28,11.247725486755371,11.260933836498879,11.247725486755371,11.260933836498879,300,FCAP,2035
2011-07-29,11.247725486755371,11.247725486755371,11.247725486755371,11.247725486755371,0,FCAP,2035
2011-08-01,11.247725486755371,11.247725486755371,11.247725486755371,11.247725486755371,0,FCAP,2035
2011-08-02,11.795912742614746,11.795912742614746,11.558144789542348,11.558144789542348,700,FCAP,2035
2011-08-03,11.795912742614746,11.795912742614746,11.795912742614746,11.795912742614746,0,FCAP,2035
2011-08-04,11.795912742614746,11.795912742614746,11.795912742614746,11.795912742614746,0,FCAP,2035
2011-08-05,11.795912742614746,11.795912742614746,11.795912742614746,11.795912742614746,0,FCAP,2035
2011-08-08,11.795912742614746,11.795912742614746,11.795912742614746,11.795912742614746,0,FCAP,2035
2011-08-09,11.62419319152832,11.657215963029662,11.247728053565885,11.657215963029662,2100,FCAP,2035
2011-08-10,11.62419319152832,11.62419319152832,11.62419319152832,11.62419319152832,0,FCAP,2035
2011-08-11,11.62419319152832,11.62419319152832,11.62419319152832,11.62419319152832,0,FCAP,2035
2011-08-12,11.62419319152832,11.644006350533932,11.62419319152832,11.644006350533932,600,FCAP,2035
2011-08-15,11.62419319152832,11.62419319152832,11.62419319152832,11.62419319152832,0,FCAP,2035
2011-08-16,11.62419319152832,11.62419319152832,11.62419319152832,11.62419319152832,0,FCAP,2035
2011-08-17,11.723259925842285,11.723259925842285,11.723259925842285,11.723259925842285,900,FCAP,2035
2011-08-18,11.723259925842285,11.736469535138024,11.723259925842285,11.736469535138024,1000,FCAP,2035
2011-08-19,11.974237442016602,12.350703787449074,11.828935503950989,11.828935503950989,1100,FCAP,2035
2011-08-22,11.974237442016602,11.974237442016602,11.974237442016602,11.974237442016602,0,FCAP,2035
2011-08-23,11.974237442016602,11.987447052678332,11.974237442016602,11.987447052678332,800,FCAP,2035
2011-08-24,11.974237442016602,11.974237442016602,11.974237442016602,11.974237442016602,0,FCAP,2035
2011-08-25,11.974237442016602,11.974237442016602,11.974237442016602,11.974237442016602,0,FCAP,2035
2011-08-26,11.974237442016602,11.974237442016602,11.974237442016602,11.974237442016602,0,FCAP,2035
2011-08-29,11.974237442016602,11.974237442016602,11.974237442016602,11.974237442016602,0,FCAP,2035
2011-08-30,11.88837718963623,11.88837718963623,11.88837718963623,11.88837718963623,200,FCAP,2035
2011-08-31,12.205398559570312,12.205398559570312,11.954422297430355,11.954422297430355,400,FCAP,2035
2011-09-01,12.159168243408203,12.218610231801396,12.053493877317594,12.218610231801396,2000,FCAP,2035
2011-09-02,12.159168243408203,12.159168243408203,12.159168243408203,12.159168243408203,0,FCAP,2035
2011-09-06,11.954422950744629,11.980840909380042,11.954422950744629,11.954422950744629,1100,FCAP,2035
2011-09-07,11.954422950744629,11.954422950744629,11.954422950744629,11.954422950744629,0,FCAP,2035
2011-09-08,11.954422950744629,11.954422950744629,11.954422950744629,11.954422950744629,0,FCAP,2035
2011-09-09,11.954422950744629,11.954422950744629,11.954422950744629,11.954422950744629,0,FCAP,2035
2011-09-12,11.954422950744629,11.954422950744629,11.954422950744629,11.954422950744629,0,FCAP,2035
2011-09-13,11.954422950744629,11.954422950744629,11.954422950744629,11.954422950744629,200,FCAP,2035
2011-09-14,12.101266860961914,12.101266860961914,12.081243515645928,12.081243515645928,400,FCAP,2035
2011-09-15,12.101266860961914,12.101266860961914,12.101266860961914,12.101266860961914,0,FCAP,2035
2011-09-16,12.101266860961914,12.101266860961914,12.101266860961914,12.101266860961914,0,FCAP,2035
2011-09-19,12.114614486694336,12.147988844883981,12.114614486694336,12.147988844883981,1300,FCAP,2035
2011-09-20,12.114614486694336,12.114614486694336,12.114614486694336,12.114614486694336,0,FCAP,2035
2011-09-21,12.114614486694336,12.114614486694336,12.114614486694336,12.114614486694336,0,FCAP,2035
2011-09-22,12.081241607666016,12.081241607666016,12.081241607666016,12.081241607666016,500,FCAP,2035
2011-09-23,12.081241607666016,12.081241607666016,12.081241607666016,12.081241607666016,0,FCAP,2035
2011-09-26,12.081241607666016,12.081241607666016,12.081241607666016,12.081241607666016,100,FCAP,2035
2011-09-27,12.081241607666016,12.081241607666016,12.081241607666016,12.081241607666016,0,FCAP,2035
2011-09-28,12.34823226928711,12.34823226928711,12.334882523451547,12.334882523451547,1300,FCAP,2035
2011-09-29,12.34823226928711,12.34823226928711,12.34823226928711,12.34823226928711,0,FCAP,2035
2011-09-30,12.34823226928711,12.34823226928711,12.014496262009079,12.014496262009079,6200,FCAP,2035
2011-10-03,12.615220069885254,12.615220069885254,12.615220069885254,12.615220069885254,200,FCAP,2035
2011-10-04,12.615220069885254,12.615220069885254,12.615220069885254,12.615220069885254,0,FCAP,2035
2011-10-05,12.615220069885254,12.615220069885254,12.615220069885254,12.615220069885254,0,FCAP,2035
2011-10-06,12.615220069885254,12.615220069885254,12.615220069885254,12.615220069885254,0,FCAP,2035
2011-10-07,12.528450965881348,12.54847431304657,12.528450965881348,12.54847431304657,300,FCAP,2035
2011-10-10,12.575170516967773,12.575170516967773,12.575170516967773,12.575170516967773,400,FCAP,2035
2011-10-11,12.575170516967773,12.575170516967773,12.575170516967773,12.575170516967773,0,FCAP,2035
2011-10-12,12.54847240447998,12.575171894108646,12.54847240447998,12.575171894108646,400,FCAP,2035
2011-10-13,12.081241607666016,12.081241607666016,12.067891864162462,12.067891864162462,500,FCAP,2035
2011-10-14,12.081241607666016,12.081241607666016,12.081241607666016,12.081241607666016,0,FCAP,2035
2011-10-17,12.014495849609375,12.087918176082894,12.014495849609375,12.087918176082894,1600,FCAP,2035
2011-10-18,12.014495849609375,12.014495849609375,12.014495849609375,12.014495849609375,0,FCAP,2035
2011-10-19,12.014495849609375,12.02117072229804,12.014495849609375,12.02117072229804,600,FCAP,2035
2011-10-20,12.014495849609375,12.014495849609375,12.014495849609375,12.014495849609375,0,FCAP,2035
2011-10-21,12.014495849609375,12.014495849609375,12.014495849609375,12.014495849609375,0,FCAP,2035
2011-10-24,12.014495849609375,12.014495849609375,12.014495849609375,12.014495849609375,200,FCAP,2035
2011-10-25,12.181364059448242,12.181364059448242,12.014496058633883,12.014496058633883,800,FCAP,2035
2011-10-26,12.181364059448242,12.181364059448242,12.181364059448242,12.181364059448242,0,FCAP,2035
2011-10-27,12.014495849609375,12.014495849609375,12.014495849609375,12.014495849609375,200,FCAP,2035
2011-10-28,12.014495849609375,12.014495849609375,12.014495849609375,12.014495849609375,0,FCAP,2035
2011-10-31,12.014495849609375,12.014495849609375,12.014495849609375,12.014495849609375,0,FCAP,2035
2011-11-01,12.181364059448242,12.181364059448242,12.181364059448242,12.181364059448242,300,FCAP,2035
2011-11-02,12.181364059448242,12.181364059448242,12.181364059448242,12.181364059448242,0,FCAP,2035
2011-11-03,12.648591995239258,12.648591995239258,12.64191712400481,12.64191712400481,400,FCAP,2035
2011-11-04,12.648591995239258,12.648591995239258,12.648591995239258,12.648591995239258,0,FCAP,2035
2011-11-07,12.354904174804688,12.3816023869616,12.354904174804688,12.3816023869616,500,FCAP,2035
2011-11-08,12.354904174804688,12.354904174804688,12.354904174804688,12.354904174804688,0,FCAP,2035
2011-11-09,12.354904174804688,12.354904174804688,12.354904174804688,12.354904174804688,400,FCAP,2035
2011-11-10,12.354904174804688,12.354904174804688,12.354904174804688,12.354904174804688,600,FCAP,2035
2011-11-11,12.822135925292969,12.822135925292967,12.441677106306393,12.441677106306393,600,FCAP,2035
2011-11-14,12.455024719238281,12.455024719238281,12.455024719238281,12.455024719238281,200,FCAP,2035
2011-11-15,12.455024719238281,12.455024719238281,12.455024719238281,12.455024719238281,0,FCAP,2035
2011-11-16,12.021167755126953,12.348228797532668,12.021167755126953,12.348228797532668,1800,FCAP,2035
2011-11-17,12.34823226928711,12.34823226928711,12.34823226928711,12.34823226928711,200,FCAP,2035
2011-11-18,12.34823226928711,12.34823226928711,12.34823226928711,12.34823226928711,200,FCAP,2035
2011-11-21,12.34823226928711,12.34823226928711,12.34823226928711,12.34823226928711,0,FCAP,2035
2011-11-22,12.021167755126953,12.348228797532668,12.021167755126953,12.348228797532668,1800,FCAP,2035
2011-11-23,12.021167755126953,12.021167755126953,12.021167755126953,12.021167755126953,0,FCAP,2035
2011-11-25,12.021167755126953,12.021167755126953,12.021167755126953,12.021167755126953,0,FCAP,2035
2011-11-28,12.021167755126953,12.021167755126953,12.021167755126953,12.021167755126953,0,FCAP,2035
2011-11-29,12.034523010253906,12.147993323730917,12.034523010253904,12.074570981745186,1200,FCAP,2035
2011-11-30,12.66861629486084,12.66861629486084,12.0545420989224,12.061216970662143,600,FCAP,2035
2011-12-01,12.66861629486084,12.66861629486084,12.66861629486084,12.66861629486084,0,FCAP,2035
2011-12-02,12.34823226928711,12.34823226928711,12.34823226928711,12.34823226928711,800,FCAP,2035
2011-12-05,12.34823226928711,12.34823226928711,12.34823226928711,12.34823226928711,0,FCAP,2035
2011-12-06,12.34823226928711,12.34823226928711,12.34823226928711,12.34823226928711,0,FCAP,2035
2011-12-07,12.34823226928711,12.34823226928711,12.34823226928711,12.34823226928711,0,FCAP,2035
2011-12-08,12.34823226928711,12.34823226928711,12.34823226928711,12.34823226928711,0,FCAP,2035
2011-12-09,12.34823226928711,12.34823226928711,12.34823226928711,12.34823226928711,0,FCAP,2035
2011-12-12,12.341557502746582,12.34155750274658,12.1947141165952,12.1947141165952,1400,FCAP,2035
2011-12-13,12.194711685180664,12.194711685180664,12.194711685180664,12.194711685180664,300,FCAP,2035
2011-12-14,12.32286262512207,12.32286262512207,12.32286262512207,12.32286262512207,200,FCAP,2035
2011-12-15,12.477997779846191,12.477997779846191,12.477997779846191,12.477997779846191,2400,FCAP,2035
2011-12-16,12.477997779846191,12.477997779846191,12.477997779846191,12.477997779846191,0,FCAP,2035
2011-12-19,12.51172161102295,12.51172161102295,12.48474282527458,12.48474282527458,800,FCAP,2035
2011-12-20,12.51172161102295,12.51172161102295,12.51172161102295,12.51172161102295,0,FCAP,2035
2011-12-21,12.55893325805664,12.55893325805664,12.55893325805664,12.55893325805664,300,FCAP,2035
2011-12-22,12.815238952636719,12.815238952636719,12.815238952636719,12.815238952636719,1000,FCAP,2035
2011-12-23,12.424038887023926,12.484742762754584,11.918174113588881,12.484742762754584,6200,FCAP,2035
2011-12-27,12.646618843078613,12.646618843078613,12.41054836737836,12.41054836737836,800,FCAP,2035
2011-12-28,12.747791290283203,12.747791290283203,12.747791290283203,12.747791290283203,100,FCAP,2035
2011-12-29,12.47125244140625,12.47125244140625,12.464507423537075,12.464507423537075,400,FCAP,2035
2011-12-30,12.498233795166016,12.741048030965253,12.498233795166017,12.741048030965253,4500,FCAP,2035
2012-01-03,12.734304428100586,12.747794466722686,12.727560695270427,12.747794466722686,600,FCAP,2035
2012-01-04,12.4847412109375,12.484741210937498,12.484741210937498,12.484741210937498,100,FCAP,2035
2012-01-05,12.815238952636719,12.815238952636719,12.572423487123542,12.646617387470446,2900,FCAP,2035
2012-01-06,12.815238952636719,12.815238952636719,12.815238952636719,12.815238952636719,0,FCAP,2035
2012-01-09,12.815238952636719,12.815238952636719,12.815238952636719,12.815238952636719,0,FCAP,2035
2012-01-10,12.815238952636719,12.815238952636719,12.815238952636719,12.815238952636719,0,FCAP,2035
2012-01-11,13.354825019836426,13.354825019836426,12.808491608187902,12.950134366159126,1700,FCAP,2035
2012-01-12,13.867438316345215,13.880928351439614,13.489726339065925,13.489726339065925,800,FCAP,2035
2012-01-13,14.056292533874512,14.056292533874512,13.995588672856947,13.995588672856947,600,FCAP,2035
2012-01-17,13.880928993225098,14.036060544541538,13.799990065397042,14.036060544541538,4300,FCAP,2035
2012-01-18,13.692068099975586,14.083270008932598,13.692068099975586,14.083270008932598,700,FCAP,2035
2012-01-19,13.253654479980469,13.84045808020135,13.1862055980672,13.84045808020135,400,FCAP,2035
2012-01-20,14.083272933959961,14.083272933959961,13.152482435355449,13.226676337690181,3300,FCAP,2035
2012-01-23,13.988848686218262,13.988848686218262,13.820227075314259,13.820227075314259,1400,FCAP,2035
2012-01-24,14.670076370239258,14.804974138810657,13.28063501446791,13.314358813370527,4300,FCAP,2035
2012-01-25,13.752776145935059,14.508201417455966,13.752776145935059,14.508201417455966,4400,FCAP,2035
2012-01-26,12.8961820602417,13.388556881756102,12.8961820602417,13.38181186258018,800,FCAP,2035
2012-01-27,13.415525436401367,13.415525436401367,13.105262509914,13.105262509914,1000,FCAP,2035
2012-01-30,13.415525436401367,13.415525436401367,13.415525436401367,13.415525436401367,0,FCAP,2035
2012-01-31,14.130488395690918,14.393537639082954,13.658347474570355,13.658347474570355,2100,FCAP,2035
2012-02-01,14.656587600708008,14.656587600708008,14.656587600708008,14.656587600708008,100,FCAP,2035
2012-02-02,13.759520530700684,14.184447628406161,13.617879022452556,14.184447628406161,1000,FCAP,2035
2012-02-03,13.759520530700684,13.759520530700684,13.759520530700684,13.759520530700684,0,FCAP,2035
2012-02-06,14.366556167602539,14.366556167602539,13.226675366501798,13.685326208202152,3200,FCAP,2035
2012-02-07,14.164217948913574,14.312604530959495,14.029320120521982,14.305859510891812,2400,FCAP,2035
2012-02-08,14.164217948913574,14.164217948913572,14.15747292884589,14.15747292884589,400,FCAP,2035
2012-02-09,14.164217948913574,14.164217948913572,14.164217948913572,14.164217948913572,0,FCAP,2035
2012-02-10,14.164217948913574,14.164217948913572,14.164217948913572,14.164217948913572,0,FCAP,2035
2012-02-13,14.170954704284668,14.17095470428467,13.901160491330234,14.164209688150773,1000,FCAP,2035
2012-02-14,14.332832336425781,14.393536199827897,14.164210779526654,14.164210779526654,3800,FCAP,2035
2012-02-15,13.665091514587402,13.665091514587402,13.665091514587402,13.665091514587402,100,FCAP,2035
2012-02-16,13.665091514587402,13.665091514587402,13.665091514587402,13.665091514587402,0,FCAP,2035
2012-02-17,13.982100486755371,14.305853597288287,13.860692748685402,14.305853597288287,700,FCAP,2035
2012-02-21,13.826966285705566,14.501452445983887,13.826966285705566,14.501452445983887,300,FCAP,2035
2012-02-22,13.826966285705566,13.826966285705566,13.826966285705566,13.826966285705566,0,FCAP,2035
2012-02-23,13.894418716430664,14.110254137143434,13.894418716430664,13.928142518486814,300,FCAP,2035
2012-02-24,13.894418716430664,13.894418716430664,13.894418716430664,13.894418716430664,0,FCAP,2035
2012-02-27,13.894418716430664,13.894418716430664,13.894418716430664,13.894418716430664,0,FCAP,2035
2012-02-28,13.894418716430664,13.894418716430664,13.894418716430664,13.894418716430664,0,FCAP,2035
2012-02-29,13.833709716796875,13.833709716796875,13.833709716796875,13.833709716796875,300,FCAP,2035
2012-03-01,13.833709716796875,13.833709716796875,13.833709716796875,13.833709716796875,0,FCAP,2035
2012-03-02,13.692068099975586,14.16420891162173,13.678579354927576,14.16420891162173,1000,FCAP,2035
2012-03-05,13.692068099975586,13.692068099975586,13.692068099975586,13.692068099975586,0,FCAP,2035
2012-03-06,13.678579330444336,13.995587351908915,13.678579330444338,13.826965817548567,700,FCAP,2035
2012-03-07,13.678579330444336,13.678579330444338,13.678579330444338,13.678579330444338,0,FCAP,2035
2012-03-08,13.833709716796875,13.833709716796875,13.833709716796875,13.833709716796875,100,FCAP,2035
2012-03-09,13.833709716796875,13.833709716796875,13.833709716796875,13.833709716796875,0,FCAP,2035
2012-03-12,13.833709716796875,13.833709716796875,13.833709716796875,13.833709716796875,0,FCAP,2035
2012-03-13,13.833709716796875,13.853944762419843,13.833709716796875,13.853944762419843,300,FCAP,2035
2012-03-14,14.09241771697998,14.09241771697998,13.956258577309628,13.956258577309628,600,FCAP,2035
2012-03-15,14.09241771697998,14.09241771697998,14.09241771697998,14.09241771697998,0,FCAP,2035
2012-03-16,14.010720252990723,14.296653372378682,13.963064949511,14.296653372378682,500,FCAP,2035
2012-03-19,14.010720252990723,14.010720252990723,14.010720252990723,14.010720252990723,0,FCAP,2035
2012-03-20,14.010720252990723,14.010720252990723,14.010720252990723,14.010720252990723,0,FCAP,2035
2012-03-21,13.615856170654297,14.003907863756467,13.615856170654297,14.003907863756467,3700,FCAP,2035
2012-03-22,14.262608528137207,14.262608528137207,14.262608528137207,14.262608528137207,100,FCAP,2035
2012-03-23,14.262608528137207,14.262608528137207,14.262608528137207,14.262608528137207,0,FCAP,2035
2012-03-26,14.296649932861328,14.296649932861328,14.289841848500751,14.289841848500751,600,FCAP,2035
2012-03-27,13.956254005432129,13.956254005432127,13.956254005432127,13.956254005432127,600,FCAP,2035
2012-03-28,13.860942840576172,14.153683973817666,13.82690241897291,13.82690241897291,900,FCAP,2035
2012-03-29,13.860942840576172,13.860942840576172,13.860942840576172,13.860942840576172,0,FCAP,2035
2012-03-30,14.412388801574707,14.568970890140976,14.412388801574709,14.568970890140976,3300,FCAP,2035
2012-04-02,14.412388801574707,14.412388801574709,14.412388801574709,14.412388801574709,0,FCAP,2035
2012-04-03,14.22176742553711,14.22176742553711,14.187728289983962,14.187728289983962,300,FCAP,2035
2012-04-04,14.262608528137207,14.262608528137207,14.262608528137207,14.262608528137207,100,FCAP,2035
2012-04-05,14.262608528137207,14.262608528137207,14.262608528137207,14.262608528137207,0,FCAP,2035
2012-04-09,14.637051582336426,14.637051582336426,14.637051582336426,14.637051582336426,1000,FCAP,2035
2012-04-10,14.637051582336426,14.637051582336426,14.58258818652859,14.58258818652859,900,FCAP,2035
2012-04-11,14.133264541625977,14.133264541625978,14.133264541625978,14.133264541625978,100,FCAP,2035
2012-04-12,14.133264541625977,14.133264541625978,14.133264541625978,14.133264541625978,0,FCAP,2035
2012-04-13,14.133264541625977,14.133264541625978,14.133264541625978,14.133264541625978,0,FCAP,2035
2012-04-16,14.133264541625977,14.133264541625978,14.133264541625978,14.133264541625978,0,FCAP,2035
2012-04-17,14.133264541625977,14.133264541625978,14.133264541625978,14.133264541625978,0,FCAP,2035
2012-04-18,14.133264541625977,14.133264541625978,14.133264541625978,14.133264541625978,0,FCAP,2035
2012-04-19,14.126457214355469,14.126457214355469,14.126457214355469,14.126457214355469,100,FCAP,2035
2012-04-20,14.126457214355469,14.126457214355469,14.126457214355469,14.126457214355469,0,FCAP,2035
2012-04-23,14.126457214355469,14.126457214355469,14.126457214355469,14.126457214355469,0,FCAP,2035
2012-04-24,14.609820365905762,14.609820365905762,14.534934002442764,14.534934002442764,200,FCAP,2035
2012-04-25,14.609820365905762,14.609820365905762,14.609820365905762,14.609820365905762,0,FCAP,2035
2012-04-26,14.609820365905762,14.609820365905762,14.609820365905762,14.609820365905762,200,FCAP,2035
2012-04-27,14.630239486694336,14.637047571618545,14.609815231921706,14.609815231921706,1400,FCAP,2035
2012-04-30,14.609820365905762,14.637052715172223,14.609820365905762,14.637052715172223,200,FCAP,2035
2012-05-01,14.303460121154785,14.609816171387497,14.303460121154785,14.609816171387497,700,FCAP,2035
2012-05-02,14.303460121154785,14.303460121154785,14.303460121154785,14.303460121154785,0,FCAP,2035
2012-05-03,14.296649932861328,14.296649932861328,14.296649932861328,14.296649932861328,200,FCAP,2035
2012-05-04,14.296649932861328,14.303458017221903,14.296649932861328,14.303458017221903,900,FCAP,2035
2012-05-07,14.296649932861328,14.296649932861328,14.296649932861328,14.296649932861328,200,FCAP,2035
2012-05-08,14.296649932861328,14.296649932861328,14.296649932861328,14.296649932861328,400,FCAP,2035
2012-05-09,14.303460121154785,14.303460121154785,14.303460121154785,14.303460121154785,200,FCAP,2035
2012-05-10,14.303460121154785,14.303460121154785,14.303460121154785,14.303460121154785,0,FCAP,2035
2012-05-11,14.024336814880371,14.024336814880371,14.010720642504868,14.010720642504868,300,FCAP,2035
2012-05-14,14.003913879394531,14.017530053056477,14.003913879394531,14.017530053056477,400,FCAP,2035
2012-05-15,14.024336814880371,14.024336814880371,14.003912556317117,14.003912556317117,200,FCAP,2035
2012-05-16,14.003913879394531,14.003913879394531,14.003913879394531,14.003913879394531,400,FCAP,2035
2012-05-17,14.003913879394531,14.003913879394531,14.003913879394531,14.003913879394531,0,FCAP,2035
2012-05-18,14.003913879394531,14.003913879394531,14.003913879394531,14.003913879394531,0,FCAP,2035
2012-05-21,14.003913879394531,14.003913879394531,14.003913879394531,14.003913879394531,300,FCAP,2035
2012-05-22,14.003913879394531,14.003913879394531,14.003913879394531,14.003913879394531,100,FCAP,2035
2012-05-23,14.003913879394531,14.003913879394531,14.003913879394531,14.003913879394531,0,FCAP,2035
2012-05-24,14.296649932861328,14.296649932861328,14.02433305098488,14.02433305098488,300,FCAP,2035
2012-05-25,14.296649932861328,14.296649932861328,14.296649932861328,14.296649932861328,0,FCAP,2035
2012-05-29,13.983490943908691,14.296655147668151,13.983490943908693,14.296655147668151,700,FCAP,2035
2012-05-30,13.983490943908691,13.983490943908693,13.983490943908693,13.983490943908693,400,FCAP,2035
2012-05-31,13.983490943908691,13.983490943908693,13.983490943908693,13.983490943908693,0,FCAP,2035
2012-06-01,13.983490943908691,13.983490943908693,13.983490943908693,13.983490943908693,0,FCAP,2035
2012-06-04,13.983490943908691,13.983490943908693,13.983490943908693,13.983490943908693,0,FCAP,2035
2012-06-05,14.187727928161621,14.187727928161621,14.187727928161621,14.187727928161621,300,FCAP,2035
2012-06-06,13.874561309814453,13.874561309814451,13.874561309814451,13.874561309814451,100,FCAP,2035
2012-06-07,13.894980430603027,13.894980430603027,13.894980430603027,13.894980430603027,200,FCAP,2035
2012-06-08,13.894980430603027,13.894980430603027,13.894980430603027,13.894980430603027,0,FCAP,2035
2012-06-11,13.901790618896484,14.099219878265997,13.901790618896484,13.949445912588804,1300,FCAP,2035
2012-06-12,13.847330093383789,13.847330093383789,13.847330093383789,13.847330093383789,100,FCAP,2035
2012-06-13,13.977901458740234,13.977901458740234,13.977901458740234,13.977901458740234,0,FCAP,2035
2012-06-14,13.977901458740234,13.977901458740234,13.977901458740234,13.977901458740234,0,FCAP,2035
2012-06-15,13.812968254089355,13.812968254089355,13.812968254089355,13.812968254089355,100,FCAP,2035
2012-06-18,13.812968254089355,13.812968254089355,13.812968254089355,13.812968254089355,0,FCAP,2035
2012-06-19,13.812968254089355,13.812968254089355,13.812968254089355,13.812968254089355,0,FCAP,2035
2012-06-20,13.812968254089355,13.812968254089355,13.812968254089355,13.812968254089355,600,FCAP,2035
2012-06-21,13.812968254089355,13.812968254089355,13.812968254089355,13.812968254089355,0,FCAP,2035
2012-06-22,14.08785343170166,14.08785343170166,14.08785343170166,14.08785343170166,400,FCAP,2035
2012-06-25,13.847326278686523,14.383352294073996,13.812966191223985,14.383352294073996,500,FCAP,2035
2012-06-26,13.847326278686523,13.847326278686523,13.847326278686523,13.847326278686523,0,FCAP,2035
2012-06-27,13.847326278686523,13.847326278686523,13.847326278686523,13.847326278686523,0,FCAP,2035
2012-06-28,13.847326278686523,13.847326278686523,13.847326278686523,13.847326278686523,0,FCAP,2035
2012-06-29,14.27340030670166,14.29401583757213,14.087852664346503,14.087852664346503,4000,FCAP,2035
2012-07-02,14.410846710205078,14.41084671020508,14.41084671020508,14.41084671020508,100,FCAP,2035
2012-07-03,14.431464195251465,14.431464195251465,14.424591912153724,14.424591912153724,600,FCAP,2035
2012-07-05,14.431464195251465,14.431464195251465,14.431464195251465,14.431464195251465,0,FCAP,2035
2012-07-06,14.431464195251465,14.431464195251465,14.431464195251465,14.431464195251465,0,FCAP,2035
2012-07-09,14.431464195251465,14.431464195251465,14.431464195251465,14.431464195251465,0,FCAP,2035
2012-07-10,14.431464195251465,14.431464195251465,14.431464195251465,14.431464195251465,0,FCAP,2035
2012-07-11,14.431464195251465,14.431464195251465,14.431464195251465,14.431464195251465,0,FCAP,2035
2012-07-12,14.431464195251465,14.431464195251465,14.431464195251465,14.431464195251465,0,FCAP,2035
2012-07-13,13.105140686035156,13.105140686035156,13.105140686035156,13.105140686035156,200,FCAP,2035
2012-07-16,13.572447776794434,13.572447776794434,13.125759884265905,13.125759884265905,500,FCAP,2035
2012-07-17,13.73737907409668,13.73737907409668,13.73737907409668,13.73737907409668,400,FCAP,2035
2012-07-18,13.73737907409668,13.73737907409668,13.73737907409668,13.73737907409668,0,FCAP,2035
2012-07-19,13.744244575500488,13.744244575500488,13.744244575500488,13.744244575500488,500,FCAP,2035
2012-07-20,13.744244575500488,13.744244575500488,13.744244575500488,13.744244575500488,0,FCAP,2035
2012-07-23,13.744244575500488,13.744244575500488,13.744244575500488,13.744244575500488,0,FCAP,2035
2012-07-24,13.744244575500488,13.744244575500488,13.744244575500488,13.744244575500488,0,FCAP,2035
2012-07-25,13.744244575500488,13.744244575500488,13.744244575500488,13.744244575500488,0,FCAP,2035
2012-07-26,13.668654441833496,13.668654441833496,13.668654441833496,13.668654441833496,200,FCAP,2035
2012-07-27,13.668654441833496,13.668654441833496,13.668654441833496,13.668654441833496,0,FCAP,2035
2012-07-30,13.668654441833496,13.668654441833496,13.668654441833496,13.668654441833496,0,FCAP,2035
2012-07-31,13.668654441833496,13.668654441833496,13.668654441833496,13.668654441833496,400,FCAP,2035
2012-08-01,13.668654441833496,13.668654441833496,13.668654441833496,13.668654441833496,200,FCAP,2035
2012-08-02,13.668654441833496,13.668654441833496,13.668654441833496,13.668654441833496,0,FCAP,2035
2012-08-03,13.668654441833496,13.668654441833496,13.668654441833496,13.668654441833496,300,FCAP,2035
2012-08-06,13.675525665283203,13.675525665283203,13.675525665283203,13.675525665283203,100,FCAP,2035
2012-08-07,13.675525665283203,13.675525665283203,13.668653384411153,13.668653384411153,400,FCAP,2035
2012-08-08,13.668654441833496,13.668654441833496,13.668654441833496,13.668654441833496,400,FCAP,2035
2012-08-09,13.668654441833496,13.668654441833496,13.668654441833496,13.668654441833496,0,FCAP,2035
2012-08-10,13.668654441833496,13.668654441833496,13.668654441833496,13.668654441833496,0,FCAP,2035
2012-08-13,13.668654441833496,13.668654441833496,13.668654441833496,13.668654441833496,0,FCAP,2035
2012-08-14,13.689270973205566,13.689270973205566,13.689270973205566,13.689270973205566,100,FCAP,2035
2012-08-15,13.744244575500488,13.744244575500488,13.744244575500488,13.744244575500488,200,FCAP,2035
2012-08-16,13.668654441833496,13.668654441833496,13.668654441833496,13.668654441833496,100,FCAP,2035
2012-08-17,13.668654441833496,13.668654441833496,13.668654441833496,13.668654441833496,0,FCAP,2035
2012-08-20,13.668654441833496,13.668654441833496,13.668654441833496,13.668654441833496,0,FCAP,2035
2012-08-21,13.668654441833496,13.668654441833496,13.668654441833496,13.668654441833496,0,FCAP,2035
2012-08-22,13.668654441833496,13.668654441833496,13.668654441833496,13.668654441833496,0,FCAP,2035
2012-08-23,13.76486873626709,13.764868736267092,13.764868736267092,13.764868736267092,200,FCAP,2035
2012-08-24,13.76486873626709,13.764868736267092,13.764868736267092,13.764868736267092,0,FCAP,2035
2012-08-27,13.76486873626709,13.764868736267092,13.764868736267092,13.764868736267092,0,FCAP,2035
2012-08-28,13.675525665283203,13.675525665283203,13.675525665283203,13.675525665283203,200,FCAP,2035
2012-08-29,13.675525665283203,13.675525665283203,13.675525665283203,13.675525665283203,0,FCAP,2035
2012-08-30,13.675525665283203,13.709887069643461,13.675525665283203,13.709887069643461,700,FCAP,2035
2012-08-31,14.424583435058594,14.424583435058594,14.424583435058594,14.424583435058594,100,FCAP,2035
2012-09-04,13.757986068725586,14.087847550448037,13.675520042918468,14.087847550448037,2200,FCAP,2035
2012-09-05,13.668654441833496,13.668654441833496,13.668654441833496,13.668654441833496,400,FCAP,2035
2012-09-06,13.668654441833496,13.668654441833496,13.668654441833496,13.668654441833496,0,FCAP,2035
2012-09-07,13.668654441833496,13.668654441833496,13.668654441833496,13.668654441833496,0,FCAP,2035
2012-09-10,13.778606414794922,13.778606414794922,13.764863164644272,13.764863164644272,800,FCAP,2035
2012-09-11,13.916048049926758,13.916048049926758,13.723628148229407,13.723628148229407,300,FCAP,2035
2012-09-12,13.839739799499512,13.874425333566103,13.839739799499512,13.867487962119123,400,FCAP,2035
2012-09-13,13.79811954498291,13.79811954498291,13.79811954498291,13.79811954498291,400,FCAP,2035
2012-09-14,13.79811954498291,13.79811954498291,13.79811954498291,13.79811954498291,0,FCAP,2035
2012-09-17,13.79811954498291,13.79811954498291,13.79811954498291,13.79811954498291,0,FCAP,2035
2012-09-18,13.75649642944336,13.75649642944336,13.75649642944336,13.75649642944336,200,FCAP,2035
2012-09-19,13.75649642944336,13.75649642944336,13.75649642944336,13.75649642944336,0,FCAP,2035
2012-09-20,13.714868545532227,13.735679334862356,13.714868545532227,13.721805916365,900,FCAP,2035
2012-09-21,14.158848762512207,14.193534291227243,13.534499983464835,14.193534291227243,1800,FCAP,2035
2012-09-24,14.158848762512207,14.158848762512207,14.158848762512207,14.158848762512207,0,FCAP,2035
2012-09-25,14.158848762512207,14.158848762512207,14.158848762512207,14.158848762512207,0,FCAP,2035
2012-09-26,13.874427795410156,14.200476372261619,13.874427795410156,14.200476372261619,400,FCAP,2035
2012-09-27,13.874427795410156,13.874427795410156,13.874427795410156,13.874427795410156,0,FCAP,2035
2012-09-28,13.527565002441406,13.874425643529646,13.527565002441404,13.874425643529646,600,FCAP,2035
2012-10-01,13.874427795410156,13.874427795410156,13.867490422732226,13.874427795410156,6100,FCAP,2035
2012-10-02,13.874427795410156,13.874427795410156,13.805055391799396,13.874427795410156,3300,FCAP,2035
2012-10-03,13.874427795410156,13.874427795410156,13.874427795410156,13.874427795410156,0,FCAP,2035
2012-10-04,13.874427795410156,13.874427795410156,13.874427795410156,13.874427795410156,300,FCAP,2035
2012-10-05,13.874427795410156,13.874427795410156,13.874427795410156,13.874427795410156,100,FCAP,2035
2012-10-08,13.874427795410156,13.874427795410156,13.874427795410156,13.874427795410156,0,FCAP,2035
2012-10-09,13.874427795410156,13.874427795410156,13.874427795410156,13.874427795410156,400,FCAP,2035
2012-10-10,13.881365776062012,13.881365776062012,13.87442840308024,13.87442840308024,400,FCAP,2035
2012-10-11,13.881365776062012,13.881365776062012,13.881365776062012,13.881365776062012,0,FCAP,2035
2012-10-12,13.881365776062012,13.881365776062012,13.881365776062012,13.881365776062012,0,FCAP,2035
2012-10-15,13.881365776062012,13.881365776062012,13.881365776062012,13.881365776062012,0,FCAP,2035
2012-10-16,13.874427795410156,14.221288490295409,13.874427795410156,14.221288490295409,400,FCAP,2035
2012-10-17,15.032944679260254,15.032944679260252,15.032944679260252,15.032944679260252,300,FCAP,2035
2012-10-18,15.032944679260254,15.032944679260252,15.032944679260252,15.032944679260252,0,FCAP,2035
2012-10-19,15.032944679260254,15.032944679260252,15.032944679260252,15.032944679260252,0,FCAP,2035
2012-10-22,14.221284866333008,14.221284866333008,14.221284866333008,14.221284866333008,2500,FCAP,2035
2012-10-23,14.221284866333008,14.221284866333008,14.221284866333008,14.221284866333008,0,FCAP,2035
2012-10-24,14.56814193725586,14.56814193725586,14.228218784166703,14.228218784166703,500,FCAP,2035
2012-10-25,14.221284866333008,14.568145472828936,13.874424259837081,14.568145472828936,3400,FCAP,2035
2012-10-26,14.228226661682129,14.228226661682129,14.221289288614766,14.221289288614766,700,FCAP,2035
2012-10-31,14.228226661682129,14.228226661682129,14.228226661682129,14.228226661682129,0,FCAP,2035
2012-11-01,13.874427795410156,14.457153868670867,13.874427795410156,14.457153868670867,4400,FCAP,2035
2012-11-02,13.94379711151123,13.94379711151123,13.888299465544915,13.895236836686736,500,FCAP,2035
2012-11-05,13.94379711151123,13.94379711151123,13.94379711151123,13.94379711151123,0,FCAP,2035
2012-11-06,13.874427795410156,13.895239913443946,13.874427795410156,13.895239913443946,2300,FCAP,2035
2012-11-07,13.645502090454102,14.075610006825631,13.6455020904541,14.075610006825631,1600,FCAP,2035
2012-11-08,13.978490829467773,13.978490829467773,13.645504758682497,13.645504758682497,600,FCAP,2035
2012-11-09,13.978490829467773,13.978490829467773,13.978490829467773,13.978490829467773,900,FCAP,2035
2012-11-12,13.978490829467773,13.978490829467773,13.978490829467773,13.978490829467773,0,FCAP,2035
2012-11-13,13.860555648803711,14.061735524677765,13.59694205345952,13.687125268844198,2600,FCAP,2035
2012-11-14,13.839739799499512,13.867487962119123,13.805052942264611,13.867487962119123,700,FCAP,2035
2012-11-15,13.867488861083984,13.867488861083983,13.569188485367956,13.839740696665588,1400,FCAP,2035
2012-11-16,13.867488861083984,13.867488861083983,13.867488861083983,13.867488861083983,0,FCAP,2035
2012-11-19,14.033984184265137,14.11723133789873,13.874428573233422,13.874428573233422,5400,FCAP,2035
2012-11-20,14.193538665771484,14.193538665771484,14.04785781246679,14.068669930011108,8500,FCAP,2035
2012-11-21,13.881365776062012,14.221289113157244,13.881365776062012,14.082544299859002,7700,FCAP,2035
2012-11-23,13.881365776062012,13.881365776062012,13.881365776062012,13.881365776062012,0,FCAP,2035
2012-11-26,14.01317310333252,14.01317310333252,14.01317310333252,14.01317310333252,100,FCAP,2035
2012-11-27,14.151914596557617,14.151914596557617,13.929923986912542,14.04091929173508,5700,FCAP,2035
2012-11-28,14.047857284545898,14.18660208329028,13.964610140665576,14.18660208329028,2800,FCAP,2035
2012-11-29,14.047857284545898,14.047857284545897,14.047857284545897,14.047857284545897,0,FCAP,2035
2012-11-30,13.700997352600098,13.895239816724466,13.610814154751822,13.895239816724466,3100,FCAP,2035
2012-12-03,13.562252044677734,13.950736958556451,13.472068850165329,13.749557129244064,4700,FCAP,2035
2012-12-04,13.458191871643066,13.770366960772462,13.458191871643066,13.513689518247373,3300,FCAP,2035
2012-12-05,13.298639297485352,13.610814456906736,12.75059875609416,13.610814456906736,4800,FCAP,2035
2012-12-06,13.250081062316895,13.312516103866285,13.104398857645393,13.312516103866285,2800,FCAP,2035
2012-12-07,13.47900390625,13.527564181347916,13.243138578773037,13.250075949953919,1800,FCAP,2035
2012-12-10,13.47900390625,13.47900390625,13.47900390625,13.47900390625,0,FCAP,2035
2012-12-11,13.250081062316895,13.4026993176772,13.180708646909931,13.4026993176772,1500,FCAP,2035
2012-12-12,13.663483619689941,13.663483619689941,13.369193149807334,13.369193149807334,5000,FCAP,2035
2012-12-13,13.586413383483887,13.586413383483888,13.586413383483888,13.586413383483888,100,FCAP,2035
2012-12-14,13.334162712097168,13.544369674584434,13.313141481263132,13.418244962506765,4200,FCAP,2035
2012-12-17,13.621441841125488,13.705524064724294,13.46028179571256,13.488310094554059,2400,FCAP,2035
2012-12-18,13.719542503356934,13.726549580257966,13.719542503356934,13.726549580257966,200,FCAP,2035
2012-12-19,13.523345947265625,13.607429518616202,13.439263712378075,13.523345947265625,2500,FCAP,2035
2012-12-20,13.474302291870117,13.502330603913661,13.474302291870117,13.502330603913661,700,FCAP,2035
2012-12-21,13.593416213989258,13.59341621398926,13.313139852801843,13.44627162553953,6500,FCAP,2035
2012-12-24,13.418242454528809,13.439263681433808,13.355180110276835,13.369194261546834,2600,FCAP,2035
2012-12-26,13.411236763000488,13.48831326647714,13.411236763000488,13.446272144791314,500,FCAP,2035
2012-12-27,13.24306869506836,13.36919337521063,13.229054544727456,13.36919337521063,2200,FCAP,2035
2012-12-28,13.642468452453613,13.642468452453613,13.341172110191351,13.35518493005544,5400,FCAP,2035
2012-12-31,13.642468452453613,14.364181465762698,13.31314379753616,13.481309664076786,700,FCAP,2035
2013-01-02,13.642468452453613,13.642468452453613,13.642468452453613,13.642468452453613,0,FCAP,2035
2013-01-03,13.705530166625977,13.705530166625977,13.705530166625977,13.705530166625977,200,FCAP,2035
2013-01-04,13.593416213989258,14.322136089539653,13.530353865664202,13.803624487227154,1000,FCAP,2035
2013-01-07,14.343156814575195,14.343156814575194,14.343156814575194,14.343156814575194,200,FCAP,2035
2013-01-08,14.364171981811523,14.364171981811523,14.364171981811523,14.364171981811523,400,FCAP,2035
2013-01-09,14.364171981811523,14.364171981811523,14.364171981811523,14.364171981811523,100,FCAP,2035
2013-01-10,13.810628890991211,14.364175820198659,13.810628890991211,14.364175820198659,700,FCAP,2035
2013-01-11,13.719542503356934,13.719542503356934,13.719542503356934,13.719542503356934,300,FCAP,2035
2013-01-14,13.69151496887207,13.691514968872069,13.684507892259345,13.691514968872069,700,FCAP,2035
2013-01-15,13.69151496887207,13.691514968872069,13.691514968872069,13.691514968872069,0,FCAP,2035
2013-01-16,13.69151496887207,13.691514968872069,13.691514968872069,13.691514968872069,0,FCAP,2035
2013-01-17,13.69151496887207,13.691514968872069,13.691514968872069,13.691514968872069,0,FCAP,2035
2013-01-18,13.593416213989258,13.59341621398926,13.59341621398926,13.59341621398926,300,FCAP,2035
2013-01-22,13.9998197555542,13.9998197555542,13.558384575426281,13.558384575426281,600,FCAP,2035
2013-01-23,13.9998197555542,13.9998197555542,13.9998197555542,13.9998197555542,0,FCAP,2035
2013-01-24,13.9998197555542,13.9998197555542,13.9998197555542,13.9998197555542,0,FCAP,2035
2013-01-25,13.9998197555542,13.9998197555542,13.9998197555542,13.9998197555542,0,FCAP,2035
2013-01-28,13.684505462646484,13.684505462646484,13.684505462646484,13.684505462646484,100,FCAP,2035
2013-01-29,13.663483619689941,13.677497769794568,13.663483619689941,13.677497769794568,300,FCAP,2035
2013-01-30,13.985806465148926,13.985806465148926,13.985806465148926,13.985806465148926,1400,FCAP,2035
2013-01-31,13.670493125915527,13.719541323541586,13.65647897331861,13.670493125915527,1700,FCAP,2035
2013-02-01,13.670493125915527,13.670493125915527,13.670493125915527,13.670493125915527,0,FCAP,2035
2013-02-04,13.670493125915527,13.670493125915527,13.670493125915527,13.670493125915527,0,FCAP,2035
2013-02-05,14.00682258605957,14.006822586059569,14.006822586059569,14.006822586059569,200,FCAP,2035
2013-02-06,13.894719123840332,14.013836790013997,13.663490870263646,13.663490870263646,6400,FCAP,2035
2013-02-07,13.677501678466797,14.013833358315171,13.677501678466797,13.733556958441527,500,FCAP,2035
2013-02-08,13.74056625366211,13.80362862087187,13.73355917547619,13.73355917547619,400,FCAP,2035
2013-02-11,13.69151496887207,13.803625521749238,13.691514968872069,13.733556092085205,800,FCAP,2035
2013-02-12,13.69151496887207,13.691514968872069,13.691514968872069,13.691514968872069,300,FCAP,2035
2013-02-13,13.929747581481934,13.929747581481934,13.698519420858794,13.698519420858794,200,FCAP,2035
2013-02-14,13.929747581481934,13.929747581481934,13.929747581481934,13.929747581481934,0,FCAP,2035
2013-02-15,13.929747581481934,13.929747581481934,13.929747581481934,13.929747581481934,0,FCAP,2035
2013-02-19,13.929747581481934,13.929747581481934,13.929747581481934,13.929747581481934,0,FCAP,2035
2013-02-20,13.943757057189941,14.013826456766301,13.943757057189941,13.943757057189941,300,FCAP,2035
2013-02-21,13.943757057189941,13.943757057189941,13.943757057189941,13.943757057189941,0,FCAP,2035
2013-02-22,13.943757057189941,13.943757057189941,13.943757057189941,13.943757057189941,0,FCAP,2035
2013-02-25,13.943757057189941,13.943757057189941,13.943757057189941,13.943757057189941,0,FCAP,2035
2013-02-26,13.943757057189941,13.943757057189941,13.943757057189941,13.943757057189941,0,FCAP,2035
2013-02-27,13.838658332824707,13.838658332824705,13.838658332824705,13.838658332824705,800,FCAP,2035
2013-02-28,13.71253776550293,13.71253776550293,13.71253776550293,13.71253776550293,100,FCAP,2035
2013-03-01,13.69151496887207,13.71253486224703,13.691514968872069,13.71253486224703,800,FCAP,2035
2013-03-04,13.71253776550293,13.71253776550293,13.71253776550293,13.71253776550293,300,FCAP,2035
2013-03-05,13.71253776550293,13.71253776550293,13.71253776550293,13.71253776550293,0,FCAP,2035
2013-03-06,13.663483619689941,13.845663561661356,13.663483619689941,13.845663561661356,2800,FCAP,2035
2013-03-07,13.663483619689941,13.663483619689941,13.663483619689941,13.663483619689941,0,FCAP,2035
2013-03-08,13.936758995056152,13.936758995056152,13.936758995056152,13.936758995056152,200,FCAP,2035
2013-03-11,13.90172290802002,13.90172290802002,13.90172290802002,13.90172290802002,300,FCAP,2035
2013-03-12,13.90172290802002,13.90172290802002,13.90172290802002,13.90172290802002,0,FCAP,2035
2013-03-13,14.043288230895996,14.043288230895996,14.043288230895996,14.043288230895996,0,FCAP,2035
2013-03-14,14.043288230895996,14.043288230895996,14.043288230895996,14.043288230895996,0,FCAP,2035
2013-03-15,14.043288230895996,14.043288230895996,14.043288230895996,14.043288230895996,0,FCAP,2035
2013-03-18,14.043288230895996,14.043288230895996,14.043288230895996,14.043288230895996,0,FCAP,2035
2013-03-19,14.043288230895996,14.043288230895996,14.043288230895996,14.043288230895996,0,FCAP,2035
2013-03-20,14.043288230895996,14.043288230895996,14.043288230895996,14.043288230895996,0,FCAP,2035
2013-03-21,13.99374008178711,13.993740081787108,13.993740081787108,13.993740081787108,300,FCAP,2035
2013-03-22,13.99374008178711,13.993740081787108,13.993740081787108,13.993740081787108,0,FCAP,2035
2013-03-25,14.022049903869629,14.02204990386963,14.014971473167384,14.014971473167384,200,FCAP,2035
2013-03-26,14.022049903869629,14.02204990386963,14.02204990386963,14.02204990386963,0,FCAP,2035
2013-03-27,14.085750579833984,14.383037837703021,14.085750579833983,14.085750579833983,1400,FCAP,2035
2013-03-28,14.418436050415039,14.41843605041504,14.41843605041504,14.41843605041504,500,FCAP,2035
2013-04-01,14.503376007080078,14.510454439547148,14.206088593827902,14.206088593827902,4100,FCAP,2035
2013-04-02,14.156538009643555,14.460903792862519,14.149459578630013,14.460903792862519,1100,FCAP,2035
2013-04-03,14.02912712097168,14.06451927142129,14.02912712097168,14.06451927142129,300,FCAP,2035
2013-04-04,14.050363540649414,14.064520401967226,14.014971387354882,14.064520401967226,600,FCAP,2035
2013-04-05,14.34765338897705,14.347653388977049,14.00789675832356,14.00789675832356,500,FCAP,2035
2013-04-08,14.23439884185791,14.340572602747176,13.986659166401212,14.340572602747176,2000,FCAP,2035
2013-04-09,14.23439884185791,14.23439884185791,14.23439884185791,14.23439884185791,0,FCAP,2035
2013-04-10,14.0999116897583,14.156537786903007,13.97958106456672,14.156537786903007,600,FCAP,2035
2013-04-11,14.022049903869629,14.02204990386963,14.02204990386963,14.02204990386963,100,FCAP,2035
2013-04-12,14.022049903869629,14.02204990386963,14.02204990386963,14.02204990386963,0,FCAP,2035
2013-04-15,13.845097541809082,13.887568139382617,13.845097541809082,13.887568139382617,500,FCAP,2035
2013-04-16,13.845097541809082,13.845097541809082,13.845097541809082,13.845097541809082,0,FCAP,2035
2013-04-17,14.213162422180176,14.347649895343645,14.213162422180176,14.32641460482125,300,FCAP,2035
2013-04-18,14.085750579833984,14.085750579833983,13.915872339633426,13.915872339633426,300,FCAP,2035
2013-04-19,14.085750579833984,14.085750579833983,14.085750579833983,14.085750579833983,0,FCAP,2035
2013-04-22,14.085750579833984,14.085750579833983,14.085750579833983,14.085750579833983,0,FCAP,2035
2013-04-23,13.83801555633545,13.915876948491707,13.83801555633545,13.915876948491707,800,FCAP,2035
2013-04-24,14.106986045837402,14.1069860458374,13.830934070754047,13.830934070754047,400,FCAP,2035
2013-04-25,14.106986045837402,14.1069860458374,14.1069860458374,14.1069860458374,0,FCAP,2035
2013-04-26,14.106986045837402,14.1069860458374,14.1069860458374,14.1069860458374,0,FCAP,2035
2013-04-29,14.106986045837402,14.1069860458374,14.1069860458374,14.1069860458374,0,FCAP,2035
2013-04-30,13.873407363891602,13.873407363891602,13.873407363891602,13.873407363891602,300,FCAP,2035
2013-05-01,13.873407363891602,13.873407363891602,13.873407363891602,13.873407363891602,0,FCAP,2035
2013-05-02,13.731842041015625,13.89464190934544,13.731842041015627,13.89464190934544,400,FCAP,2035
2013-05-03,13.731842041015625,13.731842041015627,13.731842041015627,13.731842041015627,400,FCAP,2035
2013-05-06,13.731842041015625,13.731842041015627,13.731842041015627,13.731842041015627,0,FCAP,2035
2013-05-07,13.731842041015625,13.731842041015627,13.731842041015627,13.731842041015627,0,FCAP,2035
2013-05-08,13.767237663269043,13.774314746219275,13.767237663269043,13.774314746219275,1300,FCAP,2035
2013-05-09,14.227319717407227,14.227319717407228,14.227319717407228,14.227319717407228,400,FCAP,2035
2013-05-10,13.816784858703613,14.149463098666185,13.816784858703613,14.149463098666185,400,FCAP,2035
2013-05-13,13.731842041015625,13.845094240729646,13.731842041015627,13.83801580948843,3600,FCAP,2035
2013-05-14,13.80262279510498,13.845092025685004,13.80262279510498,13.845092025685004,400,FCAP,2035
2013-05-15,13.80262279510498,13.80262279510498,13.80262279510498,13.80262279510498,0,FCAP,2035
2013-05-16,14.014970779418945,14.014970779418945,13.993736838435908,14.014970779418945,300,FCAP,2035
2013-05-17,13.852176666259766,13.852176666259766,13.830942716486003,13.830942716486003,300,FCAP,2035
2013-05-20,14.014970779418945,14.014970779418945,13.993736838435908,14.000815268787768,900,FCAP,2035
2013-05-21,14.014970779418945,14.014970779418945,14.014970779418945,14.014970779418945,0,FCAP,2035
2013-05-22,14.014970779418945,14.014970779418945,14.014970779418945,14.014970779418945,0,FCAP,2035
2013-05-23,14.184854507446289,14.184854507446289,14.184854507446289,14.184854507446289,200,FCAP,2035
2013-05-24,13.887567520141602,13.887567520141602,13.887567520141602,13.887567520141602,100,FCAP,2035
2013-05-28,13.887567520141602,13.887567520141602,13.887567520141602,13.887567520141602,0,FCAP,2035
2013-05-29,13.887567520141602,13.887567520141602,13.887567520141602,13.887567520141602,0,FCAP,2035
2013-05-30,14.170697212219238,14.170697212219238,14.170697212219238,14.170697212219238,100,FCAP,2035
2013-05-31,14.170697212219238,14.170697212219238,14.170697212219238,14.170697212219238,0,FCAP,2035
2013-06-03,14.170697212219238,14.170697212219238,14.170697212219238,14.170697212219238,0,FCAP,2035
2013-06-04,14.170697212219238,14.170697212219238,14.170697212219238,14.170697212219238,0,FCAP,2035
2013-06-05,14.170697212219238,14.170697212219238,14.170697212219238,14.170697212219238,0,FCAP,2035
2013-06-06,14.170697212219238,14.170697212219238,14.170697212219238,14.170697212219238,0,FCAP,2035
2013-06-07,14.170697212219238,14.170697212219238,14.170697212219238,14.170697212219238,0,FCAP,2035
2013-06-10,14.489217758178711,14.489217758178713,14.156539564440573,14.156539564440573,400,FCAP,2035
2013-06-11,14.489217758178711,14.489217758178713,14.489217758178713,14.489217758178713,0,FCAP,2035
2013-06-12,14.632183074951172,14.632183074951172,14.632183074951172,14.632183074951172,0,FCAP,2035
2013-06-13,14.632183074951172,14.632183074951172,14.632183074951172,14.632183074951172,0,FCAP,2035
2013-06-14,14.403444290161133,14.403444290161131,14.296222891156273,14.324815991367732,2000,FCAP,2035
2013-06-17,14.403444290161133,14.403444290161131,14.403444290161131,14.403444290161131,0,FCAP,2035
2013-06-18,14.403444290161133,14.403444290161131,14.403444290161131,14.403444290161131,0,FCAP,2035
2013-06-19,14.653620719909668,14.653620719909668,14.617880726925762,14.646472448634219,1200,FCAP,2035
2013-06-20,14.725107192993164,14.725107192993164,14.725107192993164,14.725107192993164,300,FCAP,2035
2013-06-21,14.725107192993164,14.725107192993164,14.725107192993164,14.725107192993164,0,FCAP,2035
2013-06-24,14.725107192993164,14.725107192993164,14.725107192993164,14.725107192993164,0,FCAP,2035
2013-06-25,14.381996154785156,14.725105065460754,14.346254791135436,14.725105065460754,500,FCAP,2035
2013-06-26,14.381996154785156,14.381996154785154,14.381996154785154,14.381996154785154,0,FCAP,2035
2013-06-27,14.510664939880371,14.510664939880371,14.503518028590609,14.503518028590609,600,FCAP,2035
2013-06-28,14.703660011291504,14.703660011291506,14.703660011291506,14.703660011291506,4400,FCAP,2035
2013-07-01,14.482068061828613,14.703659044760004,14.331957073563572,14.703659044760004,1100,FCAP,2035
2013-07-02,14.482068061828613,14.482068061828613,14.482068061828613,14.482068061828613,0,FCAP,2035
2013-07-03,14.482068061828613,14.482068061828613,14.482068061828613,14.482068061828613,0,FCAP,2035
2013-07-05,14.482068061828613,14.482068061828613,14.482068061828613,14.482068061828613,0,FCAP,2035
2013-07-08,14.339110374450684,14.339110374450684,14.339110374450684,14.339110374450684,600,FCAP,2035
2013-07-09,14.331963539123535,14.331963539123535,14.331963539123535,14.331963539123535,300,FCAP,2035
2013-07-10,14.29621696472168,14.29621696472168,14.29621696472168,14.29621696472168,200,FCAP,2035
2013-07-11,14.29621696472168,14.29621696472168,14.29621696472168,14.29621696472168,0,FCAP,2035
2013-07-12,14.29621696472168,14.29621696472168,14.29621696472168,14.29621696472168,0,FCAP,2035
2013-07-15,14.29621696472168,14.29621696472168,14.29621696472168,14.29621696472168,0,FCAP,2035
2013-07-16,14.36769962310791,14.439180987082302,14.36769962310791,14.36769962310791,4200,FCAP,2035
2013-07-17,14.43918514251709,14.43918514251709,14.360555483177167,14.360555483177167,900,FCAP,2035
2013-07-18,14.43918514251709,14.446332053917073,14.43918514251709,14.446332053917073,1000,FCAP,2035
2013-07-19,14.36769962310791,14.460624441899087,14.11751553089435,14.439180987082302,2500,FCAP,2035
2013-07-22,14.36769962310791,14.36769962310791,14.36769962310791,14.36769962310791,0,FCAP,2035
2013-07-23,14.725107192993164,14.725107192993164,14.43918305945223,14.43918305945223,900,FCAP,2035
2013-07-24,14.725107192993164,14.725107192993164,14.725107192993164,14.725107192993164,0,FCAP,2035
2013-07-25,14.725107192993164,14.725107192993164,14.725107192993164,14.725107192993164,0,FCAP,2035
2013-07-26,14.725107192993164,14.725107192993164,14.725107192993164,14.725107192993164,700,FCAP,2035
2013-07-29,14.796578407287598,14.796578407287598,14.453468319238159,14.453468319238159,1600,FCAP,2035
2013-07-30,14.782295227050781,14.782295227050781,14.782295227050781,14.782295227050781,300,FCAP,2035
2013-07-31,14.725107192993164,14.725107192993164,14.717958919230414,14.725107192993164,5700,FCAP,2035
2013-08-01,14.632183074951172,14.632183074951172,14.632183074951172,14.632183074951172,300,FCAP,2035
2013-08-02,14.725107192993164,14.725107192993164,14.725107192993164,14.725107192993164,1500,FCAP,2035
2013-08-05,14.796578407287598,14.796578407287598,14.725097082135928,14.725097082135928,1200,FCAP,2035
2013-08-06,14.796578407287598,14.796578407287598,14.796578407287598,14.796578407287598,400,FCAP,2035
2013-08-07,14.832324981689453,14.910954610649384,14.632177454970304,14.796584984922294,2500,FCAP,2035
2013-08-08,14.832324981689453,14.832324981689453,14.832324981689453,14.832324981689453,0,FCAP,2035
2013-08-09,14.775147438049316,14.775147438049316,14.775147438049316,14.775147438049316,100,FCAP,2035
2013-08-12,14.775147438049316,14.832332279047225,14.775147438049316,14.832332279047225,300,FCAP,2035
2013-08-13,14.675069808959961,14.86806773604898,14.675069808959961,14.796587729257206,1400,FCAP,2035
2013-08-14,14.717958450317383,14.717958450317381,14.546403975658533,14.546403975658533,800,FCAP,2035
2013-08-15,14.717958450317383,14.717958450317381,14.717958450317381,14.717958450317381,0,FCAP,2035
2013-08-16,14.524955749511719,14.524955749511719,14.524955749511719,14.524955749511719,100,FCAP,2035
2013-08-19,14.524955749511719,14.524955749511719,14.524955749511719,14.524955749511719,0,FCAP,2035
2013-08-20,14.524955749511719,14.524955749511719,14.524955749511719,14.524955749511719,0,FCAP,2035
2013-08-21,14.846617698669434,14.846617698669434,14.846617698669434,14.846617698669434,100,FCAP,2035
2013-08-22,14.846617698669434,14.846617698669434,14.846617698669434,14.846617698669434,0,FCAP,2035
2013-08-23,14.846617698669434,14.846617698669434,14.846617698669434,14.846617698669434,0,FCAP,2035
2013-08-26,14.846617698669434,14.846617698669434,14.846617698669434,14.846617698669434,0,FCAP,2035
2013-08-27,14.489217758178711,14.49636603102668,14.489217758178711,14.49636603102668,700,FCAP,2035
2013-08-28,14.489217758178711,14.489217758178711,14.489217758178711,14.489217758178711,0,FCAP,2035
2013-08-29,14.489217758178711,14.489217758178711,14.489217758178711,14.489217758178711,0,FCAP,2035
2013-08-30,14.503515243530273,14.503515243530273,14.503515243530273,14.503515243530273,100,FCAP,2035
2013-09-03,14.653620719909668,14.653620719909668,14.653620719909668,14.653620719909668,700,FCAP,2035
2013-09-04,14.653620719909668,14.653620719909668,14.653620719909668,14.653620719909668,0,FCAP,2035
2013-09-05,14.86806583404541,14.868065834045412,14.667919659202253,14.667919659202253,300,FCAP,2035
2013-09-06,14.860921859741211,14.860921859741211,14.81803221661046,14.81803221661046,600,FCAP,2035
2013-09-09,14.832324981689453,14.832324981689453,14.789436712890165,14.789436712890165,1300,FCAP,2035
2013-09-10,14.946700096130371,15.00388492999328,14.832330428404553,14.832330428404553,2000,FCAP,2035
2013-09-11,15.089658737182617,15.268361464573625,15.011029100844619,15.011029100844619,3300,FCAP,2035
2013-09-12,15.233986854553223,15.233986854553223,15.233986854553223,15.233986854553223,0,FCAP,2035
2013-09-13,15.233986854553223,15.233986854553223,15.233986854553223,15.233986854553223,0,FCAP,2035
2013-09-16,15.233986854553223,15.233986854553223,15.233986854553223,15.233986854553223,0,FCAP,2035
2013-09-17,15.233986854553223,15.233986854553223,15.233986854553223,15.233986854553223,0,FCAP,2035
2013-09-18,15.602030754089355,15.77522611322944,14.902031295742848,14.902031295742848,400,FCAP,2035
2013-09-19,14.909246444702148,14.909246444702148,14.909246444702148,14.909246444702148,200,FCAP,2035
2013-09-20,15.039145469665527,15.039145469665527,14.923681891799086,14.923681891799086,400,FCAP,2035
2013-09-23,14.974196434020996,15.075226716490333,14.974196434020994,15.068010071109041,500,FCAP,2035
2013-09-24,14.981412887573242,14.981412887573242,14.981412887573242,14.981412887573242,300,FCAP,2035
2013-09-25,14.981412887573242,14.981412887573242,14.981412887573242,14.981412887573242,0,FCAP,2035
2013-09-26,14.981412887573242,14.981412887573242,14.981412887573242,14.981412887573242,500,FCAP,2035
2013-09-27,15.082440376281738,15.082440376281737,15.039141888999355,15.039141888999355,800,FCAP,2035
2013-09-30,15.399964332580566,15.436046172406389,15.399964332580568,15.436046172406389,4000,FCAP,2035
2013-10-01,15.847389221191406,15.847389221191406,15.371101657260581,15.371101657260581,300,FCAP,2035
2013-10-02,15.847389221191406,15.847389221191406,15.847389221191406,15.847389221191406,0,FCAP,2035
2013-10-03,15.515435218811035,15.515435218811035,15.515435218811035,15.515435218811035,400,FCAP,2035
2013-10-04,14.974196434020996,14.974196434020994,14.974196434020994,14.974196434020994,100,FCAP,2035
2013-10-07,14.974196434020996,14.974196434020994,14.974196434020994,14.974196434020994,300,FCAP,2035
2013-10-08,14.974196434020996,14.974196434020994,14.974196434020994,14.974196434020994,500,FCAP,2035
2013-10-09,14.974196434020996,14.981413079402286,14.974196434020994,14.981413079402286,400,FCAP,2035
2013-10-10,15.154608726501465,15.154608726501463,15.154608726501463,15.154608726501463,400,FCAP,2035
2013-10-11,15.14738655090332,15.147386550903319,15.147386550903319,15.147386550903319,100,FCAP,2035
2013-10-14,15.082440376281738,15.082440376281737,15.082440376281737,15.082440376281737,400,FCAP,2035
2013-10-15,15.082440376281738,15.082440376281737,15.082440376281737,15.082440376281737,0,FCAP,2035
2013-10-16,14.252548217773438,15.082443155167045,14.252548217773436,15.082443155167045,3300,FCAP,2035
2013-10-17,14.252548217773438,14.252548217773436,14.252548217773436,14.252548217773436,0,FCAP,2035
2013-10-18,14.505126953125,14.519560245337777,14.483477014805835,14.519560245337777,500,FCAP,2035
2013-10-21,14.51234245300293,14.519559098539325,14.483475870857346,14.519559098539325,1000,FCAP,2035
2013-10-22,14.51234245300293,14.51234245300293,14.51234245300293,14.51234245300293,0,FCAP,2035
2013-10-23,14.519559860229492,14.519559860229492,14.519559860229492,14.519559860229492,500,FCAP,2035
2013-10-24,14.483479499816895,14.519562736539838,13.99997513920738,14.266985585218197,4300,FCAP,2035
2013-10-25,14.11544132232666,14.11544132232666,14.11544132232666,14.11544132232666,100,FCAP,2035
2013-10-28,14.483479499816895,14.50512944185066,14.432964344839514,14.490696147161483,1100,FCAP,2035
2013-10-29,14.43295955657959,14.43295955657959,14.43295955657959,14.43295955657959,200,FCAP,2035
2013-10-30,14.43295955657959,14.43295955657959,14.43295955657959,14.43295955657959,0,FCAP,2035
2013-10-31,15.587594032287598,15.587594032287598,14.469039024790533,14.469039024790533,1100,FCAP,2035
2013-11-01,15.587594032287598,15.587594032287598,15.587594032287598,15.587594032287598,0,FCAP,2035
2013-11-04,15.587594032287598,15.587594032287598,15.551510813471142,15.587594032287598,700,FCAP,2035
2013-11-05,15.587594032287598,15.587594032287598,15.587594032287598,15.587594032287598,0,FCAP,2035
2013-11-06,15.587594032287598,15.587594032287598,15.587594032287598,15.587594032287598,300,FCAP,2035
2013-11-07,14.750481605529785,14.750481605529785,14.750481605529785,14.750481605529785,100,FCAP,2035
2013-11-08,14.606149673461914,14.656664793583515,14.548417910975258,14.555634553340314,1400,FCAP,2035
2013-11-11,14.606149673461914,14.606149673461914,14.606149673461914,14.606149673461914,0,FCAP,2035
2013-11-12,14.620587348937988,14.721617619521847,14.620587348937988,14.685535773294527,2400,FCAP,2035
2013-11-13,14.822651863098145,14.822651863098143,14.649455116851493,14.656671762647974,400,FCAP,2035
2013-11-14,14.613368034362793,14.613368034362793,14.613368034362793,14.613368034362793,2100,FCAP,2035
2013-11-15,14.613368034362793,14.613368034362793,14.613368034362793,14.613368034362793,0,FCAP,2035
2013-11-18,14.64945125579834,14.678317831376102,14.64945125579834,14.663884543587221,900,FCAP,2035
2013-11-19,14.64945125579834,14.64945125579834,14.64945125579834,14.64945125579834,200,FCAP,2035
2013-11-20,14.613368034362793,14.613368034362793,14.613368034362793,14.613368034362793,200,FCAP,2035
2013-11-21,14.613368034362793,14.613368034362793,14.613368034362793,14.613368034362793,0,FCAP,2035
2013-11-22,14.613368034362793,14.649449873997517,14.613368034362793,14.649449873997517,300,FCAP,2035
2013-11-25,15.472131729125977,15.472131729125977,15.472131729125977,15.472131729125977,200,FCAP,2035
2013-11-26,15.111307144165039,15.44326451160614,15.111307144165039,15.44326451160614,200,FCAP,2035
2013-11-27,15.421616554260254,15.421616554260254,15.421616554260254,15.421616554260254,100,FCAP,2035
2013-11-29,14.974196434020996,14.974196434020994,14.974196434020994,14.974196434020994,100,FCAP,2035
2013-12-02,14.974196434020996,14.974196434020994,14.974196434020994,14.974196434020994,0,FCAP,2035
2013-12-03,14.974196434020996,14.974196434020994,14.974196434020994,14.974196434020994,0,FCAP,2035
2013-12-04,15.414397239685059,15.414397239685059,15.414397239685059,15.414397239685059,400,FCAP,2035
2013-12-05,15.414397239685059,15.414397239685059,15.414397239685059,15.414397239685059,0,FCAP,2035
2013-12-06,15.154608726501465,15.154608726501463,15.154608726501463,15.154608726501463,200,FCAP,2035
2013-12-09,15.154608726501465,15.154608726501463,15.154608726501463,15.154608726501463,0,FCAP,2035
2013-12-10,15.154608726501465,15.154608726501463,15.154608726501463,15.154608726501463,0,FCAP,2035
2013-12-11,15.154608726501465,15.154608726501463,15.154608726501463,15.154608726501463,0,FCAP,2035
2013-12-12,15.132746696472168,15.300321310639589,15.132746696472168,15.300321310639589,1400,FCAP,2035
2013-12-13,15.132746696472168,15.132746696472168,15.132746696472168,15.132746696472168,100,FCAP,2035
2013-12-16,15.66462230682373,15.730195255560746,15.66462230682373,15.730195255560746,1300,FCAP,2035
2013-12-17,15.409610748291016,15.409610748291017,15.300323004762241,15.300323004762241,2000,FCAP,2035
2013-12-18,15.409610748291016,15.409610748291017,15.409610748291017,15.409610748291017,0,FCAP,2035
2013-12-19,15.300325393676758,15.300325393676758,15.300325393676758,15.300325393676758,200,FCAP,2035
2013-12-20,15.533472061157227,15.533472061157227,15.387755518940876,15.387755518940876,900,FCAP,2035
2013-12-23,15.533472061157227,15.533472061157227,15.533472061157227,15.533472061157227,0,FCAP,2035
2013-12-24,15.533472061157227,15.533472061157227,15.533472061157227,15.533472061157227,0,FCAP,2035
2013-12-26,15.642762184143066,15.642762184143066,15.635476147478489,15.635476147478489,500,FCAP,2035
2013-12-27,15.737476348876953,15.737476348876953,15.64275927949452,15.64275927949452,1100,FCAP,2035
2013-12-30,15.737476348876953,15.737476348876953,15.730190313565293,15.737476348876953,5100,FCAP,2035
2013-12-31,15.489758491516113,15.737478161975497,15.300325720596035,15.737478161975497,1200,FCAP,2035
2014-01-02,15.489758491516113,15.489758491516112,15.489758491516112,15.489758491516112,0,FCAP,2035
2014-01-03,15.212890625,15.336750427243713,15.154603740983482,15.336750427243713,800,FCAP,2035
2014-01-06,15.008891105651855,15.132750939913969,14.97974696127522,15.132750939913969,2300,FCAP,2035
2014-01-07,14.80488395690918,15.04531755187136,14.797597921950437,15.02346083666421,1700,FCAP,2035
2014-01-08,14.80488395690918,14.80488395690918,14.80488395690918,14.80488395690918,0,FCAP,2035
2014-01-09,14.965176582336426,14.965176582336424,14.965176582336424,14.965176582336424,300,FCAP,2035
2014-01-10,15.32217788696289,15.322177886962892,15.322177886962892,15.322177886962892,100,FCAP,2035
2014-01-13,14.841313362121582,15.30032242336827,14.841313362121582,15.30032242336827,6100,FCAP,2035
2014-01-14,14.87045955657959,14.87045955657959,14.87045955657959,14.87045955657959,200,FCAP,2035
2014-01-15,14.87045955657959,14.87045955657959,14.87045955657959,14.87045955657959,0,FCAP,2035
2014-01-16,14.86316967010498,14.86316967010498,14.86316967010498,14.86316967010498,600,FCAP,2035
2014-01-17,14.936034202575684,15.220182701247523,14.936034202575684,15.220182701247523,1400,FCAP,2035
2014-01-21,14.936034202575684,15.220182701247523,14.928748165472626,14.936034202575684,2500,FCAP,2035
2014-01-22,14.936034202575684,14.936034202575684,14.834032462471841,14.936034202575684,4400,FCAP,2035
2014-01-23,14.936034202575684,14.936034202575684,14.936034202575684,14.936034202575684,3300,FCAP,2035
2014-01-24,14.936034202575684,14.936034202575684,14.936034202575684,14.936034202575684,1300,FCAP,2035
2014-01-27,14.936034202575684,14.9506062767818,14.936034202575684,14.9506062767818,1500,FCAP,2035
2014-01-28,14.86316967010498,14.93602862425465,14.86316967010498,14.93602862425465,1300,FCAP,2035
2014-01-29,14.86316967010498,14.86316967010498,14.86316967010498,14.86316967010498,300,FCAP,2035
2014-01-30,14.86316967010498,14.86316967010498,14.86316967010498,14.86316967010498,0,FCAP,2035
2014-01-31,14.86316967010498,14.86316967010498,14.86316967010498,14.86316967010498,0,FCAP,2035
2014-02-03,14.790312767028809,14.819456908597878,14.790312767028809,14.819456908597878,1200,FCAP,2035
2014-02-04,14.790312767028809,14.790312767028809,14.74659794434436,14.790312767028809,1000,FCAP,2035
2014-02-05,14.86316967010498,14.86316967010498,14.86316967010498,14.86316967010498,400,FCAP,2035
2014-02-06,14.790312767028809,14.936030695535845,14.790312767028809,14.885029837459129,2100,FCAP,2035
2014-02-07,14.790312767028809,14.790312767028809,14.790312767028809,14.790312767028809,0,FCAP,2035
2014-02-10,14.790312767028809,14.790312767028809,14.790312767028809,14.790312767028809,200,FCAP,2035
2014-02-11,14.768453598022461,14.768453598022461,14.768453598022461,14.768453598022461,400,FCAP,2035
2014-02-12,14.768453598022461,14.768453598022461,14.768453598022461,14.768453598022461,0,FCAP,2035
2014-02-13,14.936034202575684,15.081752165297875,14.921462128369567,15.081752165297875,1000,FCAP,2035
2014-02-14,14.936034202575684,14.936034202575684,14.936034202575684,14.936034202575684,2300,FCAP,2035
2014-02-18,14.965176582336426,14.965176582336424,14.921460364884656,14.921460364884656,300,FCAP,2035
2014-02-19,14.979743003845215,14.979743003845215,14.979743003845215,14.979743003845215,100,FCAP,2035
2014-02-20,14.936034202575684,14.965178350987916,14.936034202575684,14.965178350987916,300,FCAP,2035
2014-02-21,14.928744316101074,14.936030351325432,14.928744316101074,14.936030351325432,600,FCAP,2035
2014-02-24,14.732024192810059,15.169176538788097,14.732024192810057,15.169176538788097,1900,FCAP,2035
2014-02-25,14.80488395690918,15.008888766746725,14.80488395690918,14.899601021703749,500,FCAP,2035
2014-02-26,14.80488395690918,14.80488395690918,14.80488395690918,14.80488395690918,0,FCAP,2035
2014-02-27,14.936034202575684,14.936034202575684,14.717458648161882,14.732029332698513,4400,FCAP,2035
2014-02-28,14.790312767028809,14.899601908243664,14.790312767028809,14.899601908243664,400,FCAP,2035
2014-03-03,14.790312767028809,14.790312767028809,14.790312767028809,14.790312767028809,0,FCAP,2035
2014-03-04,14.86316967010498,14.86316967010498,14.86316967010498,14.86316967010498,100,FCAP,2035
2014-03-05,14.906886100769043,14.906886100769045,14.906886100769045,14.906886100769045,200,FCAP,2035
2014-03-06,15.416898727416992,15.416898727416992,15.416898727416992,15.416898727416992,100,FCAP,2035
2014-03-07,15.416898727416992,15.416898727416992,15.416898727416992,15.416898727416992,0,FCAP,2035
2014-03-10,15.416898727416992,15.416898727416992,15.416898727416992,15.416898727416992,0,FCAP,2035
2014-03-11,15.416898727416992,15.416898727416992,15.416898727416992,15.416898727416992,0,FCAP,2035
2014-03-12,15.416898727416992,15.416898727416992,15.416898727416992,15.416898727416992,0,FCAP,2035
2014-03-13,15.82164192199707,15.82164192199707,15.82164192199707,15.82164192199707,100,FCAP,2035
2014-03-14,15.129902839660645,15.151980052007929,15.129902839660646,15.151980052007929,1100,FCAP,2035
2014-03-17,15.247641563415527,15.247641563415527,15.247641563415527,15.247641563415527,200,FCAP,2035
2014-03-18,15.247641563415527,15.247641563415527,15.247641563415527,15.247641563415527,0,FCAP,2035
2014-03-19,15.247641563415527,15.247641563415527,15.247641563415527,15.247641563415527,0,FCAP,2035
2014-03-20,15.247641563415527,15.247641563415527,15.247641563415527,15.247641563415527,0,FCAP,2035
2014-03-21,15.247641563415527,15.247641563415527,15.247641563415527,15.247641563415527,0,FCAP,2035
2014-03-24,15.137262344360352,15.277081886036008,15.137262344360352,15.277081886036008,1100,FCAP,2035
2014-03-25,15.269721031188965,15.792202378287618,15.269721031188965,15.792202378287618,200,FCAP,2035
2014-03-26,15.269721031188965,15.269721031188965,15.269721031188965,15.269721031188965,0,FCAP,2035
2014-03-27,15.269721031188965,15.269721031188965,15.269721031188965,15.269721031188965,0,FCAP,2035
2014-03-28,15.269721031188965,15.269721031188965,15.269721031188965,15.269721031188965,0,FCAP,2035
2014-03-31,15.159341812133789,15.718618658423715,15.159341812133789,15.718618658423715,4600,FCAP,2035
2014-04-01,15.600873947143555,15.600873947143555,15.600873947143555,15.600873947143555,200,FCAP,2035
2014-04-02,15.269721031188965,15.350669399060237,15.262361961055294,15.262361961055294,1100,FCAP,2035
2014-04-03,15.269721031188965,15.269721031188965,15.269721031188965,15.269721031188965,0,FCAP,2035
2014-04-04,15.262364387512207,15.262364387512207,15.262364387512207,15.262364387512207,100,FCAP,2035
2014-04-07,15.556718826293945,15.556718826293945,15.556718826293945,15.556718826293945,200,FCAP,2035
2014-04-08,15.556718826293945,15.556718826293945,15.556718826293945,15.556718826293945,0,FCAP,2035
2014-04-09,15.586151123046875,15.586151123046875,15.26971818429058,15.453690692535044,2500,FCAP,2035
2014-04-10,15.269721031188965,15.269721031188965,15.269721031188965,15.269721031188965,1000,FCAP,2035
2014-04-11,15.269721031188965,15.45369357373341,15.269721031188965,15.45369357373341,1000,FCAP,2035
2014-04-14,15.269721031188965,15.269721031188965,15.269721031188965,15.269721031188965,0,FCAP,2035
2014-04-15,15.269721031188965,15.269721031188965,15.269721031188965,15.269721031188965,0,FCAP,2035
2014-04-16,15.269721031188965,15.269721031188965,15.269721031188965,15.269721031188965,0,FCAP,2035
2014-04-17,15.269721031188965,15.269721031188965,15.269721031188965,15.269721031188965,0,FCAP,2035
2014-04-21,15.453692436218262,15.453692436218262,15.453692436218262,15.453692436218262,400,FCAP,2035
2014-04-22,15.453692436218262,15.453692436218262,15.453692436218262,15.453692436218262,0,FCAP,2035
2014-04-23,15.453692436218262,15.453692436218262,15.453692436218262,15.453692436218262,0,FCAP,2035
2014-04-24,15.277077674865723,15.277077674865723,15.269718605900891,15.269718605900891,1400,FCAP,2035
2014-04-25,15.277077674865723,15.277077674865723,15.269718605900891,15.269718605900891,400,FCAP,2035
2014-04-28,15.277077674865723,15.277077674865723,15.277077674865723,15.277077674865723,0,FCAP,2035
2014-04-29,15.556718826293945,15.556718826293945,15.556718826293945,15.556718826293945,200,FCAP,2035
2014-04-30,15.291802406311035,15.291802406311035,15.291802406311035,15.291802406311035,600,FCAP,2035
2014-05-01,15.269721031188965,15.284439171456308,15.269721031188965,15.284439171456308,500,FCAP,2035
2014-05-02,15.269721031188965,15.269721031188965,15.269721031188965,15.269721031188965,600,FCAP,2035
2014-05-05,15.269721031188965,15.269721031188965,15.269721031188965,15.269721031188965,500,FCAP,2035
2014-05-06,15.269721031188965,15.269721031188965,15.269721031188965,15.269721031188965,300,FCAP,2035
2014-05-07,15.269721031188965,15.269721031188965,15.269721031188965,15.269721031188965,0,FCAP,2035
2014-05-08,15.247641563415527,15.269718770548069,15.247641563415527,15.269718770548069,1600,FCAP,2035
2014-05-09,15.269721031188965,15.269721031188965,15.269721031188965,15.269721031188965,500,FCAP,2035
2014-05-12,15.100461959838867,15.196127034798664,15.085743824122382,15.196127034798664,1000,FCAP,2035
2014-05-13,15.262364387512207,15.269723458815847,15.262364387512207,15.269723458815847,700,FCAP,2035
2014-05-14,15.262364387512207,15.262364387512207,15.262364387512207,15.262364387512207,0,FCAP,2035
2014-05-15,15.232926368713379,15.232926368713379,15.232926368713379,15.232926368713379,600,FCAP,2035
2014-05-16,15.232926368713379,15.232926368713379,15.232926368713379,15.232926368713379,0,FCAP,2035
2014-05-19,15.232926368713379,15.232926368713379,15.232926368713379,15.232926368713379,0,FCAP,2035
2014-05-20,15.232926368713379,15.232926368713379,15.232926368713379,15.232926368713379,0,FCAP,2035
2014-05-21,14.901777267456055,15.358029831006274,14.901777267456055,15.358029831006274,3400,FCAP,2035
2014-05-22,14.901777267456055,14.923854479814675,14.901777267456055,14.91649540902847,3700,FCAP,2035
2014-05-23,14.828193664550781,14.90178299710831,14.72516944113011,14.90178299710831,6100,FCAP,2035
2014-05-27,14.901777267456055,15.269722385171018,14.901777267456055,15.122543776645339,1500,FCAP,2035
2014-05-28,14.901777267456055,14.901777267456055,14.887059125883638,14.887059125883638,200,FCAP,2035
2014-05-29,14.88705825805664,15.05631266547518,14.769315939539467,14.79139315061112,8400,FCAP,2035
2014-05-30,14.901777267456055,14.975366571718894,14.8134698216208,14.91649540902847,3000,FCAP,2035
2014-06-02,14.813462257385254,14.938563589671501,14.791386459898485,14.938563589671501,3800,FCAP,2035
2014-06-03,14.717803955078125,14.997441612640978,14.717803955078125,14.94592952337407,2300,FCAP,2035
2014-06-04,14.791393280029297,14.791393280029297,14.791393280029297,14.791393280029297,700,FCAP,2035
2014-06-05,14.791393280029297,14.791393280029297,14.76931606876448,14.76931606876448,6700,FCAP,2035
2014-06-06,14.791393280029297,14.791393280029297,14.791393280029297,14.791393280029297,1100,FCAP,2035
2014-06-09,15.159341812133789,15.159341812133789,15.056316206501775,15.056316206501775,400,FCAP,2035
2014-06-10,15.151975631713867,15.151975631713867,15.129898425807179,15.129898425807179,200,FCAP,2035
2014-06-11,15.269721031188965,15.269721031188965,15.232927084119721,15.232927084119721,1000,FCAP,2035
2014-06-12,14.942614555358887,14.942614555358887,14.942614555358887,14.942614555358887,500,FCAP,2035
2014-06-13,14.942614555358887,14.942614555358887,14.942614555358887,14.942614555358887,0,FCAP,2035
2014-06-16,15.314327239990234,15.314327239990234,15.314327239990234,15.314327239990234,200,FCAP,2035
2014-06-17,15.611693382263184,15.626562001982771,15.44070850933678,15.44070850933678,5000,FCAP,2035
2014-06-18,15.373795509338379,15.373795509338377,15.277150934497682,15.292019548773036,1500,FCAP,2035
2014-06-19,15.373795509338379,15.373795509338377,15.373795509338377,15.373795509338377,0,FCAP,2035
2014-06-20,15.358929634094238,15.36636394255771,15.351495325630765,15.351495325630765,1800,FCAP,2035
2014-06-23,15.358929634094238,15.358929634094238,15.358929634094238,15.358929634094238,0,FCAP,2035
2014-06-24,15.358929634094238,15.358929634094238,15.358929634094238,15.358929634094238,0,FCAP,2035
2014-06-25,15.537343978881836,15.537343978881836,15.522475366552591,15.522475366552591,1900,FCAP,2035
2014-06-26,15.537343978881836,15.537343978881836,15.537343978881836,15.537343978881836,0,FCAP,2035
2014-06-27,15.537343978881836,15.537343978881836,15.537343978881836,15.537343978881836,0,FCAP,2035
2014-06-30,15.693469047546387,15.760376416948352,15.663731808723472,15.760376416948352,4600,FCAP,2035
2014-07-01,15.611693382263184,15.760376743559823,15.611693382263184,15.760376743559823,300,FCAP,2035
2014-07-02,15.611693382263184,15.611693382263184,15.611693382263184,15.611693382263184,0,FCAP,2035
2014-07-03,15.611693382263184,15.611693382263184,15.611693382263184,15.611693382263184,0,FCAP,2035
2014-07-07,15.277153015136719,15.574519669346596,15.277153015136719,15.574519669346596,1000,FCAP,2035
2014-07-08,15.277153015136719,15.277153015136719,15.277153015136719,15.277153015136719,0,FCAP,2035
2014-07-09,15.314327239990234,15.314327239990234,15.314327239990234,15.314327239990234,400,FCAP,2035
2014-07-10,15.500177383422852,15.500177383422852,15.500177383422852,15.500177383422852,100,FCAP,2035
2014-07-11,15.500177383422852,15.500177383422852,15.500177383422852,15.500177383422852,0,FCAP,2035
2014-07-14,15.522481918334961,15.537350536940002,15.492746099074393,15.492746099074393,5300,FCAP,2035
2014-07-15,15.500177383422852,15.611689165299428,15.500177383422852,15.574519043990316,2700,FCAP,2035
2014-07-16,15.537343978881836,15.537343978881836,15.537343978881836,15.537343978881836,200,FCAP,2035
2014-07-17,15.500177383422852,15.500177383422852,15.500177383422852,15.500177383422852,100,FCAP,2035
2014-07-18,15.62656021118164,15.626560211181642,15.611691593165995,15.619125902173819,800,FCAP,2035
2014-07-21,15.537343978881836,15.700895878605685,15.537343978881836,15.671158653947197,7600,FCAP,2035
2014-07-22,15.611693382263184,15.611693382263184,15.611693382263184,15.611693382263184,1000,FCAP,2035
2014-07-23,15.611693382263184,15.611693382263184,15.611693382263184,15.611693382263184,0,FCAP,2035
2014-07-24,15.611693382263184,15.611693382263184,15.611693382263184,15.611693382263184,0,FCAP,2035
2014-07-25,15.611693382263184,15.760376743559823,15.611693382263184,15.760376743559823,1300,FCAP,2035
2014-07-28,15.715773582458496,15.76037944927512,15.715773582458496,15.76037944927512,3600,FCAP,2035
2014-07-29,15.723200798034668,15.723200798034668,15.723200798034668,15.723200798034668,100,FCAP,2035
2014-07-30,15.723200798034668,15.983395898578111,15.723200798034668,15.983395898578111,700,FCAP,2035
2014-07-31,15.723200798034668,15.723200798034668,15.723200798034668,15.723200798034668,0,FCAP,2035
2014-08-01,15.723200798034668,15.723200798034668,15.723200798034668,15.723200798034668,0,FCAP,2035
2014-08-04,15.611693382263184,15.909058686906842,15.604259072403389,15.909058686906842,3500,FCAP,2035
2014-08-05,15.611693382263184,15.611693382263184,15.611693382263184,15.611693382263184,0,FCAP,2035
2014-08-06,15.686034202575684,15.686034202575684,15.686034202575684,15.686034202575684,100,FCAP,2035
2014-08-07,15.686034202575684,15.686034202575684,15.686034202575684,15.686034202575684,0,FCAP,2035
2014-08-08,15.686034202575684,15.686034202575684,15.686034202575684,15.686034202575684,0,FCAP,2035
2014-08-11,15.686034202575684,15.686034202575684,15.686034202575684,15.686034202575684,0,FCAP,2035
2014-08-12,15.686034202575684,15.686034202575684,15.686034202575684,15.686034202575684,0,FCAP,2035
2014-08-13,15.760379791259766,15.797549929796975,15.752945479962344,15.760379791259764,2200,FCAP,2035
2014-08-14,15.760379791259766,15.760379791259764,15.760379791259764,15.760379791259764,0,FCAP,2035
2014-08-15,15.983403205871582,15.983403205871582,15.961100272331668,15.983403205871582,3700,FCAP,2035
2014-08-18,15.983403205871582,15.983403205871582,15.983403205871582,15.983403205871582,0,FCAP,2035
2014-08-19,15.983403205871582,16.057744899721424,15.983403205871582,16.057744899721424,1200,FCAP,2035
2014-08-20,16.16925621032715,16.16925621032715,16.080045896992935,16.16925621032715,1100,FCAP,2035
2014-08-21,16.16925621032715,16.16925621032715,16.16925621032715,16.16925621032715,500,FCAP,2035
2014-08-22,16.3551025390625,16.3551025390625,16.057737321942113,16.3551025390625,900,FCAP,2035
2014-08-25,16.3551025390625,16.3551025390625,16.3551025390625,16.3551025390625,2000,FCAP,2035
2014-08-26,16.726810455322266,16.726810455322266,16.503786883097685,16.503786883097685,2800,FCAP,2035
2014-08-27,16.793716430664062,16.793716430664062,16.637598808575383,16.637598808575383,11800,FCAP,2035
2014-08-28,16.934965133666992,16.934965133666992,16.934965133666992,16.934965133666992,100,FCAP,2035
2014-08-29,16.91266632080078,17.061349668822785,16.793720209562977,17.061349668822785,9700,FCAP,2035
2014-09-02,16.801149368286133,17.06877732755381,16.801149368286133,17.06877732755381,300,FCAP,2035
2014-09-03,16.801149368286133,16.801149368286133,16.801149368286133,16.801149368286133,400,FCAP,2035
2014-09-04,16.987010955810547,17.09852277728988,16.808591757853666,17.09852277728988,2200,FCAP,2035
2014-09-05,17.08365249633789,17.08365249633789,16.830891635971568,16.830891635971568,400,FCAP,2035
2014-09-08,17.0985164642334,17.0985164642334,16.860624288124637,17.068779233245195,1500,FCAP,2035
2014-09-09,16.838327407836914,16.875498959912328,16.838327407836914,16.875498959912328,2300,FCAP,2035
2014-09-10,16.84575653076172,16.84575653076172,16.808586408082217,16.830887914510203,3700,FCAP,2035
2014-09-11,17.205936431884766,17.22094413359913,17.183424879313222,17.22094413359913,5000,FCAP,2035
2014-09-12,17.23594856262207,17.258460112788494,17.19092689350228,17.258460112788494,1000,FCAP,2035
2014-09-15,17.205936431884766,17.258461956671827,17.198432581027582,17.258461956671827,1600,FCAP,2035
2014-09-16,17.333498001098633,17.333498001098633,17.24345322739158,17.24345322739158,1200,FCAP,2035
