Price,Close,High,Low,Open,Volume,Symbol,StockID
Ticker,LMT,LMT,LMT,LMT,LMT,,
Date,,,,,,,
2015-07-10,149.71888732910156,151.8853722283285,148.7011725890859,149.5646913345417,1638900,LMT,3303
2015-07-13,152.56393432617188,152.95713609758735,150.81377880667432,151.11446528232307,1197200,LMT,3303
2015-07-14,153.4659423828125,154.05960944887772,152.93395608141407,153.35028653741116,1059200,LMT,3303
2015-07-15,153.74349975585938,153.92082460131027,152.70265597051971,153.57388059433137,972200,LMT,3303
2015-07-16,155.44737243652344,155.59386276976622,153.88997737586277,154.0441733923913,975600,LMT,3303
2015-07-17,155.108154296875,155.47823890191606,154.50678151918765,154.91540631006743,997900,LMT,3303
2015-07-20,158.15354919433594,158.35400282397742,154.99247815862924,155.97934670585062,2052000,LMT,3303
2015-07-21,156.62696838378906,157.8682655645505,156.39568027167235,157.62155432349257,1767000,LMT,3303
2015-07-22,156.3494415283203,157.62158521629615,155.7403631063702,156.76578374053156,1124200,LMT,3303
2015-07-23,156.3802947998047,158.0225113776889,156.2338044505883,156.3648716671495,1175100,LMT,3303
2015-07-24,155.00022888183594,156.4651207629544,154.7226712870012,156.35718235187446,1124800,LMT,3303
2015-07-27,155.10043334960938,155.55531573025476,153.72036307621337,154.47593181611276,997600,LMT,3303
2015-07-28,156.99705505371094,157.83743324437415,155.18521972117964,156.0641498525266,1125300,LMT,3303
2015-07-29,160.48196411132812,162.2244133870108,157.52135794964136,157.8760194106574,2491000,LMT,3303
2015-07-30,159.1866912841797,160.75180382874623,158.7857722204063,159.76493518284425,1554700,LMT,3303
2015-07-31,159.67242431640625,160.75951393485676,159.23295329441785,160.06562594313067,1116800,LMT,3303
2015-08-03,160.20436096191406,160.35856871419932,158.87054860832498,159.80345374629175,1064200,LMT,3303
2015-08-04,161.54591369628906,161.74636733255844,159.7880533031532,160.75949875270678,1066100,LMT,3303
2015-08-05,161.46881103515625,162.48652588333113,161.19126527409205,161.92370514939282,1209900,LMT,3303
2015-08-06,161.3377227783203,161.86200326438896,160.4896389466093,161.70008982716777,1147900,LMT,3303
2015-08-07,161.20664978027344,161.43794964035655,159.76489908331465,161.13726335156838,997500,LMT,3303
2015-08-10,162.50967407226562,163.1187642700694,161.39944383803345,161.9391358228955,978500,LMT,3303
2015-08-11,161.0293731689453,161.72326119242152,160.289215748088,161.17586351631104,985800,LMT,3303
2015-08-12,160.96771240234375,161.38405467967885,159.40259954865323,160.01167806587478,917900,LMT,3303
2015-08-13,161.7463836669922,162.45570655952,160.89829964537415,160.92913414468282,1091200,LMT,3303
2015-08-14,163.4195098876953,163.51202518595235,161.391796661909,161.71561197021586,916000,LMT,3303
2015-08-17,164.23666381835938,164.31375593375182,162.501932402625,162.58674196463693,776300,LMT,3303
2015-08-18,163.9668426513672,164.48340580221128,163.55821789376807,163.7278370494963,774500,LMT,3303
2015-08-19,162.89517211914062,164.15189271491337,162.4248665767793,163.41945274288258,1302600,LMT,3303
2015-08-20,161.23748779296875,163.06473424185134,161.23748779296875,162.66381528916352,1405700,LMT,3303
2015-08-21,157.8065948486328,161.01392353715391,157.7217970450644,160.7980467758497,2038500,LMT,3303
2015-08-24,152.2400665283203,156.719527607907,140.2511400691735,146.49616743244542,3308700,LMT,3303
2015-08-25,153.4119415283203,158.44651692494068,153.08042070888635,158.43881124230302,2100600,LMT,3303
2015-08-26,155.83290100097656,156.6887026010293,151.76978158635546,156.6887026010293,2933800,LMT,3303
2015-08-27,158.3848419189453,159.54904708153828,156.4419510276536,157.22064852075374,1688100,LMT,3303
2015-08-28,158.36155700683594,158.81202290081367,156.40437507554174,158.15186656122697,1391200,LMT,3303
2015-08-31,156.24905395507812,157.84898966225418,156.17139476698048,157.82569072073122,1086800,LMT,3303
2015-09-01,153.48411560058594,155.01414243270074,153.01812497996733,153.6782813219108,1673700,LMT,3303
2015-09-02,158.47030639648438,158.5324408558878,154.7733949440023,155.0918296043438,1490600,LMT,3303
2015-09-03,159.3712158203125,160.34981860432606,158.6877605650707,158.97512202974278,1350900,LMT,3303
2015-09-04,157.3674774169922,158.7033389300657,156.42772167930383,158.08200606452985,1213100,LMT,3303
2015-09-08,160.77700805664062,160.99447275491335,158.43925662474044,158.57905028037123,1320700,LMT,3303
2015-09-09,158.9518280029297,162.50894541852801,158.84309567367274,162.32254206082968,1110300,LMT,3303
2015-09-10,160.10903930664062,160.99443446788626,158.21399193678465,158.21399193678465,1370200,LMT,3303
2015-09-11,160.6216583251953,160.73816487501603,159.47220050943292,159.84499539680044,1085500,LMT,3303
2015-09-14,159.99258422851562,160.7925462015832,159.65085059906204,160.7925462015832,1034300,LMT,3303
2015-09-15,161.42161560058594,161.96527726480687,159.6119896068012,160.28769439391587,1253700,LMT,3303
2015-09-16,161.20413208007812,161.69343344611485,160.2488401353277,161.26626652742675,927800,LMT,3303
2015-09-17,161.23516845703125,163.51078429888193,160.8701360689431,161.42933411661295,958900,LMT,3303
2015-09-18,157.90335083007812,160.01587511402116,157.39075041170884,159.99257617236225,3010600,LMT,3303
2015-09-21,158.7111053466797,159.82949022855954,157.8101733284721,158.7111053466797,964700,LMT,3303
2015-09-22,158.17514038085938,158.41590394005897,156.497545976785,157.24314744001802,1119200,LMT,3303
2015-09-23,157.48397827148438,159.20817128148255,156.66071729122075,158.54024054922255,601100,LMT,3303
2015-09-24,159.0294647216797,159.90709744519765,154.99082068271574,156.49754835458666,1667600,LMT,3303
2015-09-25,158.353759765625,160.59831452770825,157.66253042646252,160.56725323366015,1414000,LMT,3303
2015-09-28,155.50341796875,158.78093574744722,155.3325512143396,157.31304361250903,1315400,LMT,3303
2015-09-29,157.2509002685547,157.60039611881675,154.56364207025118,155.33254242157366,1226600,LMT,3303
2015-09-30,161.0099639892578,161.32063622139532,158.61784113100154,158.70327451347262,1721800,LMT,3303
2015-10-01,159.02169799804688,161.03325167550764,157.5227445796023,160.2332899914065,1889700,LMT,3303
2015-10-02,160.46632385253906,160.46632385253906,156.73833952495974,156.89366973633065,1154800,LMT,3303
2015-10-05,164.44285583496094,164.543825818589,161.31290485186182,161.77890739836678,1347600,LMT,3303
2015-10-06,163.40985107421875,165.15734240303448,163.30889296718897,164.41951510105466,1625700,LMT,3303
2015-10-07,165.39036560058594,166.2214006091981,163.9069365867245,164.48943377375468,1122200,LMT,3303
2015-10-08,166.4932098388672,166.71844869982974,164.13992237297342,164.8699873414432,782100,LMT,3303
2015-10-09,165.63113403320312,167.96889706318157,165.60007273006838,166.54760246331367,1340000,LMT,3303
2015-10-12,166.46214294433594,166.69514415955922,165.24277663353,165.90294476817365,1048100,LMT,3303
2015-10-13,164.63699340820312,166.48545484843604,164.60593210752322,165.60005964237072,1026200,LMT,3303
2015-10-14,161.66233825683594,165.11072258348048,161.53808123001323,164.6913299347224,1192100,LMT,3303
2015-10-15,162.4623565673828,164.41955059644295,161.1653308121014,162.5011920865939,1496900,LMT,3303
2015-10-16,162.92832946777344,163.87585907972147,162.08176981722568,163.40985663580344,1145300,LMT,3303
2015-10-19,163.59625244140625,163.6661492494912,161.93419451609375,162.5089292569715,1329900,LMT,3303
2015-10-20,162.11280822753906,162.74967735424462,159.32459187256097,161.06432065316204,1926500,LMT,3303
2015-10-21,164.310791015625,165.55345631876517,162.12060793623542,162.912795512326,1332400,LMT,3303
2015-10-22,168.1553192138672,168.52812602500782,164.82343981449733,164.82343981449733,1190100,LMT,3303
2015-10-23,170.33773803710938,170.41539722800098,168.71450333001098,169.31253716946827,1280900,LMT,3303
2015-10-26,171.5959014892578,171.91433611963768,170.00374018829376,170.33771139479674,1383800,LMT,3303
2015-10-27,173.2268829345703,174.86564207967277,170.7182651592112,170.8425340638007,1399900,LMT,3303
2015-10-28,171.67352294921875,174.314183316005,169.5920725415819,172.61329005775684,1973500,LMT,3303
2015-10-29,169.5066680908203,172.95505306290684,169.13387323871046,171.6424909419074,1795900,LMT,3303
2015-10-30,170.73382568359375,171.4017563257833,169.5688312042587,170.08919398291596,1774000,LMT,3303
2015-11-02,171.3240509033203,171.64248550798922,170.0192630367759,170.78038929226014,1160700,LMT,3303
2015-11-03,170.01150512695312,171.22310921327397,169.5765757963979,170.8658390626405,1046300,LMT,3303
2015-11-04,169.9571533203125,171.13768431250077,169.70861548998403,170.64062050277983,932900,LMT,3303
2015-11-05,169.7785186767578,171.3240702995396,169.3202785482605,170.22121037769185,911600,LMT,3303
2015-11-06,168.24850463867188,169.69309825112163,167.0136014975109,169.31252912574038,1455400,LMT,3303
2015-11-09,166.74952697753906,168.04655263512265,166.2524631815134,167.58056199249992,1657300,LMT,3303
2015-11-10,166.26019287109375,167.55721818133586,165.14179666680698,166.49318220454307,1165900,LMT,3303
2015-11-11,167.0679473876953,168.17080722083577,166.40777921988146,166.49321260805814,1197100,LMT,3303
2015-11-12,165.87962341308594,167.02908090832162,165.16509514032145,166.5941516858504,1292200,LMT,3303
2015-11-13,165.5534210205078,166.84268392371365,164.48162272134488,165.8174834895696,1059100,LMT,3303
2015-11-16,171.38619995117188,171.51823122146666,166.26799430738282,166.4466234553187,1516000,LMT,3303
2015-11-17,172.7220458984375,174.9433020612436,171.4949172077049,172.47351995588627,2081500,LMT,3303
2015-11-18,173.36672973632812,173.48322445531252,171.42507208033567,172.8385926914105,1185400,LMT,3303
2015-11-19,173.9724884033203,175.11418380654194,173.5841569559915,174.34528327449414,1410700,LMT,3303
2015-11-20,175.57241821289062,176.28694667886253,174.7180961094383,175.0986533565365,1321200,LMT,3303
2015-11-23,175.5491180419922,176.83060711365002,175.11418870496735,175.91415056076707,939900,LMT,3303
2015-11-24,175.85977172851562,176.29471289980737,174.36858040832084,174.71808818804718,1234300,LMT,3303
2015-11-25,175.37046813964844,177.00922717335615,174.99767330215562,175.89859317185207,2156400,LMT,3303
2015-11-27,176.74749755859375,176.99785299167095,175.49568457868764,176.45018928977706,972800,LMT,3303
2015-11-30,171.46640014648438,175.00274907843124,170.97349693638444,174.94016918530627,3000800,LMT,3303
2015-12-01,172.28004455566406,174.5489533358934,171.63066783260717,172.17051185166466,1267200,LMT,3303
2015-12-02,171.29429626464844,172.86687592439526,171.1691125869506,172.31921225718287,1307400,LMT,3303
2015-12-03,168.57159423828125,171.93581857170247,167.96915831637298,171.5524600253553,1776500,LMT,3303
2015-12-04,170.8639678955078,172.0453573989625,168.994080171141,168.994080171141,1701600,LMT,3303
2015-12-07,171.44296264648438,171.8263212718539,170.2068006017304,170.8248756550207,1537800,LMT,3303
2015-12-08,171.1925506591797,171.9514601467145,170.01116126202763,170.31628895735406,844400,LMT,3303
2015-12-09,170.19894409179688,172.3270186986723,169.47133640440083,170.57449509642547,1194900,LMT,3303
2015-12-10,171.24732971191406,171.9279964578808,169.77645156477874,170.49623969643602,1119200,LMT,3303
2015-12-11,169.93295288085938,171.46642310753313,169.5417628365028,170.19895924586038,1801900,LMT,3303
2015-12-14,169.44790649414062,170.2224671960341,167.9926788330579,168.986305037637,2026500,LMT,3303
2015-12-15,168.08653259277344,169.96425193729604,167.9926508039077,169.77647642139203,1539800,LMT,3303
2015-12-16,170.1676483154297,170.644900588232,168.01610333672883,168.99407832704742,1352000,LMT,3303
2015-12-17,168.3838348388672,171.16128639613052,168.33689394610775,170.44931768748688,1282300,LMT,3303
2015-12-18,166.00538635253906,168.34470690217904,165.7472114524022,167.23372871011233,2058200,LMT,3303
2015-12-21,168.5794219970703,168.67330377821543,167.0537833626044,167.27284881072404,1066800,LMT,3303
2015-12-22,170.23023986816406,170.73878208702706,168.66547988622102,169.11926171356507,895200,LMT,3303
2015-12-23,170.50408935546875,170.8326995028543,169.91730428083773,170.55886169275732,742400,LMT,3303
2015-12-24,170.99700927734375,171.34125846473233,170.15986869726154,170.55887828909428,524400,LMT,3303
2015-12-28,170.879638671875,171.1612959823785,170.112897586621,170.62145180906575,612900,LMT,3303
2015-12-29,172.49131774902344,173.17981596202952,171.18474459528417,171.62287548058939,768300,LMT,3303
2015-12-30,171.96714782714844,173.09377707771515,171.82631320174116,172.8512292194122,633500,LMT,3303
2015-12-31,169.89378356933594,172.0844495874782,168.82192697033713,171.79497285651806,1157800,LMT,3303
2016-01-04,166.81121826171875,168.81410882993276,165.387281160091,167.4292931096561,1875200,LMT,3303
2016-01-05,170.76229858398438,171.29432332917392,167.44501416806798,167.89096467533952,1349300,LMT,3303
2016-01-06,170.2693634033203,172.90598018594085,169.19749468421108,170.42583701585428,1787100,LMT,3303
2016-01-07,166.87379455566406,169.14270330534663,165.97406249479442,167.280635424257,1810100,LMT,3303
2016-01-08,166.5765380859375,169.2679273482571,166.15404617666738,168.2195290159544,1764600,LMT,3303
2016-01-11,168.48553466796875,169.36179643159343,166.82688098060197,168.26646922706257,2550100,LMT,3303
2016-01-12,170.5275421142578,170.6370748316319,167.82832168937702,169.01754257670342,1354800,LMT,3303
2016-01-13,167.74224853515625,171.82627263517446,167.47624222995537,171.54461538902942,1374100,LMT,3303
2016-01-14,169.32266235351562,169.87815735443053,166.07579043202605,167.7579024996565,1920700,LMT,3303
2016-01-15,168.9862518310547,169.78427079464382,165.85673199155633,165.85673199155633,2809100,LMT,3303
2016-01-19,168.4385528564453,172.73382253585615,166.77991139266302,169.53389181066518,2918100,LMT,3303
2016-01-20,164.6127471923828,169.15055357912536,162.43773174786395,166.6860613548782,2459700,LMT,3303
2016-01-21,164.9178009033203,165.8644855310785,163.32175167270108,165.23857942446006,1562900,LMT,3303
2016-01-22,165.8958740234375,167.2024593186512,165.09002346153926,167.2024593186512,1517900,LMT,3303
2016-01-25,165.08999633789062,166.4513418095387,164.29979685077848,165.73937315802422,1792100,LMT,3303
2016-01-26,164.2450714111328,165.25434856529768,156.84376132540507,157.59483964005491,4440800,LMT,3303
2016-01-27,162.6255340576172,165.58292998956776,161.9526866692903,164.21376476410273,2694800,LMT,3303
2016-01-28,161.68666076660156,163.85384486630306,161.30329025202184,163.11841766206632,1862900,LMT,3303
2016-01-29,165.08218383789062,165.1213052264344,161.2641655289131,162.60204061281192,2595900,LMT,3303
2016-02-01,164.1433563232422,165.34821649018286,163.41573658269357,163.72086436081432,1673100,LMT,3303
2016-02-02,164.65184020996094,165.0665005833784,162.4533546993066,163.90858172580712,1574600,LMT,3303
2016-02-03,166.5843963623047,167.14771108033216,164.4015607835793,165.86460798664174,2231200,LMT,3303
2016-02-04,164.46412658691406,166.9442700790712,163.73650688379402,166.2557717687078,1628200,LMT,3303
2016-02-05,165.817626953125,166.3105301966537,163.9633900856362,164.5658141186469,1892400,LMT,3303
2016-02-08,167.84397888183594,168.32905065710366,163.75213486263075,163.77560530735846,2502100,LMT,3303
2016-02-09,168.97840881347656,170.03462646220885,166.05231560445606,166.74080180401796,1983100,LMT,3303
2016-02-10,167.3901824951172,170.12069272995032,167.13199568739626,169.00188322982635,1738000,LMT,3303
2016-02-11,162.09347534179688,166.45133747511,159.33167502170534,165.60636568072871,2649700,LMT,3303
2016-02-12,161.2328338623047,164.23716948962357,160.81817351501076,162.9775375087396,2331700,LMT,3303
2016-02-16,163.51747131347656,163.90084193152393,161.8353585608807,162.35955189279744,1548300,LMT,3303
2016-02-17,166.4435272216797,166.62347128085545,163.59566446970982,164.29980170173437,1237700,LMT,3303
2016-02-18,167.58583068847656,168.6029273011298,165.86459669531098,166.06019173858377,987100,LMT,3303
2016-02-19,167.13201904296875,168.0082927990062,166.41223084426892,167.8283367957023,1233300,LMT,3303
2016-02-22,168.2195281982422,169.60434421251722,167.13202041955114,167.13202041955114,974000,LMT,3303
2016-02-23,168.32904052734375,168.79065376827594,167.3275951519891,168.07868515259037,1282900,LMT,3303
2016-02-24,169.4869842529297,169.76864153217272,167.03813101779355,167.1007228507555,1301600,LMT,3303
2016-02-25,172.14706420898438,172.23312648339368,169.29138208769893,169.77645384991254,1489300,LMT,3303
2016-02-26,171.2484130859375,173.22701999664116,171.14593136382317,172.8092265534582,1210200,LMT,3303
2016-02-29,170.1054229736328,171.92638650114162,170.05812740664865,170.79912336506473,1248600,LMT,3303
2016-03-01,171.9499969482422,172.1234220084435,169.38805004698017,170.73602152683307,1159500,LMT,3303
2016-03-02,171.21690368652344,172.52547040442437,170.09753125031992,171.91848260880496,1188600,LMT,3303
2016-03-03,172.2574005126953,172.3362224175594,169.9082840200738,170.64927969033903,875200,LMT,3303
2016-03-04,172.4150848388672,172.69887020568044,171.50066398709438,171.77657077063026,935500,LMT,3303
2016-03-07,170.14476013183594,172.14702640287496,169.71908820030922,171.45332633689375,1017800,LMT,3303
2016-03-08,169.7506866455078,170.43650842140775,166.25067050380687,168.654961955054,1843800,LMT,3303
2016-03-09,170.5941619873047,171.78447779128808,170.0660081393767,170.8621782035595,988200,LMT,3303
2016-03-10,170.71240234375,172.25745894933854,170.01082340209783,171.01195695761504,1367600,LMT,3303
2016-03-11,171.0986785888672,172.54913211383843,170.23944371000235,171.84755313492713,1336400,LMT,3303
2016-03-14,170.74391174316406,171.46124773229405,169.97137755737566,169.97137755737566,934500,LMT,3303
2016-03-15,171.0986785888672,171.31152066941024,169.3329012356147,169.75069478325997,1012300,LMT,3303
2016-03-16,171.9972686767578,172.5884871105273,170.49950809418655,171.16956046380656,882600,LMT,3303
2016-03-17,172.83291625976562,173.3768393346783,171.3903413305894,172.06827252088465,1299100,LMT,3303
2016-03-18,174.1414337158203,174.28332037599546,172.1391670808531,173.42408574705763,2114600,LMT,3303
2016-03-21,174.41732788085938,175.938736337399,173.7472874960585,173.7472874960585,1149700,LMT,3303
2016-03-22,173.99952697753906,175.5761095023022,173.81822335513493,174.2517859551188,925300,LMT,3303
2016-03-23,174.41732788085938,175.4263397778059,173.9128219323861,174.12566395032079,781900,LMT,3303
2016-03-24,171.84751892089844,174.60653872008717,171.16958786053434,174.25181000872297,1319200,LMT,3303
2016-03-28,172.68310546875,173.06937256999782,172.1155347204711,172.4860326263857,994000,LMT,3303
2016-03-29,174.02317810058594,174.149307591802,172.186457980502,172.63578978232033,748500,LMT,3303
2016-03-30,175.75747680664062,176.46693433993926,174.8351651736293,175.0007116798649,950900,LMT,3303
2016-03-31,174.60655212402344,176.0491268874596,174.2833497502124,175.51308245914223,1105200,LMT,3303
2016-04-01,175.8756866455078,176.15947201758962,172.76981674782672,173.39257366107066,957800,LMT,3303
2016-04-04,176.67971801757812,177.2866936069612,175.85200981670977,175.96237010826758,1007500,LMT,3303
2016-04-05,177.85430908203125,178.9658028882311,175.6471026945924,176.60092859165576,1437300,LMT,3303
2016-04-06,178.65049743652344,178.8239225200007,177.60994693565982,177.60994693565982,1276100,LMT,3303
2016-04-07,178.5322265625,179.26534379321282,177.87006469682964,178.15385007188434,1063200,LMT,3303
2016-04-08,178.39031982421875,179.73041260021293,177.9961741825516,179.40721028723698,582600,LMT,3303
2016-04-11,177.08966064453125,178.7135510547923,176.66398857513582,178.19327583679717,1140200,LMT,3303
2016-04-12,178.13807678222656,178.83965560604636,176.71914993956534,177.1684817848962,682400,LMT,3303
2016-04-13,178.4534149169922,179.0682812602837,177.31038273908405,178.9421517466925,808500,LMT,3303
2016-04-14,177.71243286132812,178.7766191404213,177.51535999167677,178.7766191404213,774300,LMT,3303
2016-04-15,178.00404357910156,178.09075609692826,177.06597507580443,178.0513391291216,1134600,LMT,3303
2016-04-18,179.05245971679688,179.4387267286025,177.60200681966515,178.0040309947836,824200,LMT,3303
2016-04-19,178.5558624267578,179.64370829660655,178.38243737422044,179.06825900138946,721100,LMT,3303
2016-04-20,178.61105346679688,179.82501683931494,178.20113860157971,178.94213438657454,887300,LMT,3303
2016-04-21,178.20904541015625,179.18651906356737,177.87795243191502,178.39822765101135,996700,LMT,3303
2016-04-22,178.8081512451172,179.62796906154188,177.8385561284868,178.62684757936063,1037300,LMT,3303
2016-04-25,178.39031982421875,178.93424273425867,177.6335548997349,178.1853563923948,986300,LMT,3303
2016-04-26,183.009765625,183.05706119255302,179.61223103419871,179.61223103419871,1918300,LMT,3303
2016-04-27,184.1842803955078,184.92527623442547,181.2754952397072,181.37796494218983,1405700,LMT,3303
2016-04-28,183.45120239257812,184.83859112921354,182.80479757644895,183.04128743670043,1034900,LMT,3303
2016-04-29,183.1831512451172,183.64824026365122,181.95341864027452,182.9624306251901,952200,LMT,3303
2016-05-02,183.86102294921875,184.30246404657427,183.22249704586403,183.4668773939559,1008100,LMT,3303
2016-05-03,185.01199340820312,185.11447514162745,182.3869815427268,183.15162518049496,1166400,LMT,3303
2016-05-04,186.0446319580078,186.30476953960613,183.74282272406137,184.3419318313924,1382900,LMT,3303
2016-05-05,187.72369384765625,187.73946304194837,185.59530969631467,186.11558485261642,1198900,LMT,3303
2016-05-06,189.3948974609375,189.58409173716802,187.44781663758323,187.61336313283155,1140800,LMT,3303
2016-05-09,189.44216918945312,190.76649278725088,188.81153374977157,189.3948616080713,1498800,LMT,3303
2016-05-10,192.62689208984375,192.77666938435246,190.20683165409227,190.2226008504544,1141400,LMT,3303
2016-05-11,190.63246154785156,192.7293190179535,190.4669151040565,192.3194042277122,1006700,LMT,3303
2016-05-12,193.08409118652344,193.42305070392584,190.37236693381695,190.7901604000148,969300,LMT,3303
2016-05-13,190.8611297607422,192.73726733686354,190.53004878172783,191.06609324420828,1198700,LMT,3303
2016-05-16,191.5311737060547,192.3352343493774,189.90729525090882,190.14378509051818,921200,LMT,3303
2016-05-17,190.39602661132812,191.97260945878887,189.40278374764196,191.55481596648158,1016100,LMT,3303
2016-05-18,190.43544006347656,191.70458971332704,189.29241992589783,189.89151706663029,738000,LMT,3303
2016-05-19,188.31492614746094,190.0334076002148,187.44780082335967,188.93767104140872,1360600,LMT,3303
2016-05-20,189.24513244628906,189.42643611018835,187.92079656763346,188.7879219660611,1009000,LMT,3303
2016-05-23,188.8115234375,189.59981468695537,188.43313497733507,189.52885933294328,849600,LMT,3303
2016-05-24,189.95455932617188,190.56942559021186,189.42640558800267,189.5052275025583,741200,LMT,3303
2016-05-25,189.85214233398438,190.41971323712372,189.58412608205055,190.21476175535813,737300,LMT,3303
2016-05-26,190.4038543701172,190.76647362072174,189.27660370870294,189.65498012314774,648700,LMT,3303
2016-05-27,190.56259155273438,191.14201088522867,189.86413220061118,190.49116027429596,794100,LMT,3303
2016-05-31,187.4988555908203,190.9753230922495,187.43535708496069,190.28479652156628,2546000,LMT,3303
2016-06-01,188.96730041503906,189.36415714168913,186.80839885317408,187.49892568199127,972700,LMT,3303
2016-06-02,188.76882934570312,189.10218746733938,187.9433607588009,189.00694575004428,921400,LMT,3303
2016-06-03,189.6339874267578,190.21339476678233,187.49889663041992,188.57041447079382,1516700,LMT,3303
2016-06-06,190.0149688720703,190.78487178124695,189.31650936797834,189.31650936797834,1154100,LMT,3303
2016-06-07,190.0943603515625,191.57066776817334,190.02292905183265,190.64995731241487,993000,LMT,3303
2016-06-08,190.79283142089844,191.0865015040425,189.88005374206637,189.9038641752345,918900,LMT,3303
2016-06-09,191.0230255126953,191.18176578957733,190.49123892403188,190.53092702102907,894100,LMT,3303
2016-06-10,190.95159912109375,191.84055438340584,190.2848826743597,190.49917660366964,760200,LMT,3303
2016-06-13,188.8640899658203,191.04680168705215,188.83234676057936,190.4991375355845,1073000,LMT,3303
2016-06-14,190.2530517578125,190.5864098487256,188.30845683860167,188.72912386602312,1220000,LMT,3303
2016-06-15,190.05467224121094,190.9595050376868,189.880054323373,190.57852599472469,854200,LMT,3303
2016-06-16,190.38804626464844,190.84840153080197,188.97523725625942,189.73720751671166,1212300,LMT,3303
2016-06-17,188.5545654296875,190.66584611542964,187.84022816842733,190.66584611542964,1455700,LMT,3303
2016-06-20,189.41172790527344,190.332438174208,188.79263254435955,189.85620538376517,1067000,LMT,3303
2016-06-21,189.34036254882812,190.3721925466714,189.14986694409936,190.08645519513183,928300,LMT,3303
2016-06-22,189.03872680664062,189.91181642702438,188.9355401848391,189.6578223152379,1001700,LMT,3303
2016-06-23,190.49122619628906,190.49122619628906,189.04666191763633,190.32454104448067,755800,LMT,3303
2016-06-24,190.2530517578125,192.76912115033213,186.32417383714116,186.4035500016405,3471200,LMT,3303
2016-06-27,189.92764282226562,190.46737414299386,187.37189723813734,189.52285341504697,1868200,LMT,3303
2016-06-28,191.2134552001953,191.253143283512,188.62594234561985,190.57848220043618,1994700,LMT,3303
2016-06-29,193.72958374023438,194.2137494377031,191.80879861074877,192.0786582818346,1190000,LMT,3303
2016-06-30,196.97579956054688,197.4123442342789,194.19780341456396,194.28511234931037,2045600,LMT,3303
2016-07-01,197.91241455078125,198.36482483023858,196.97582656680927,196.97582656680927,1427800,LMT,3303
2016-07-05,198.03945922851562,198.72999823767293,197.17431438434383,197.475929402392,1327600,LMT,3303
2016-07-06,198.49183654785156,199.47604546445993,196.7456695954406,199.18236328862977,1387400,LMT,3303
2016-07-07,198.2458038330078,199.39668586704946,197.32509336133225,198.6109052231203,961300,LMT,3303
2016-07-08,199.9363250732422,200.25381757994663,197.23770537730886,199.04737027667136,1082800,LMT,3303
2016-07-11,201.91275024414062,203.46048894350744,199.95227718790755,200.3173906788095,6337100,LMT,3303
2016-07-12,202.1587677001953,203.49221229324058,201.62698126196108,202.9048601127071,4167000,LMT,3303
2016-07-13,203.11123657226562,203.53984855325317,202.33340089894196,202.4762755963059,4781700,LMT,3303
2016-07-14,203.19064331054688,204.7304493421616,202.15881340276428,204.13516425433772,3323800,LMT,3303
2016-07-15,203.9684600830078,204.4764240182101,203.26998847767214,204.07162246916138,3460700,LMT,3303
2016-07-18,203.42080688476562,205.00823362870838,202.63502628651617,204.60343205789584,2345800,LMT,3303
2016-07-19,205.53997802734375,209.0402563935782,200.09511671689438,205.2066320242012,4980000,LMT,3303
2016-07-20,203.72239685058594,206.22258882114969,203.10328935417903,205.8257321838473,3361600,LMT,3303
2016-07-21,201.71432495117188,204.37325760033968,199.6982982244729,204.37325760033968,2733400,LMT,3303
2016-07-22,204.23040771484375,204.3732703237951,200.84919274749302,202.07945102825673,1864500,LMT,3303
2016-07-25,202.88900756835938,204.20657466795507,202.1746703804896,203.8414733003256,1295200,LMT,3303
2016-07-26,202.2064208984375,203.55573125270936,201.4682732516866,202.88901490510756,2121500,LMT,3303
2016-07-27,201.73023986816406,203.19066990141462,200.83333967624787,202.77000268652296,2593300,LMT,3303
2016-07-28,202.03970336914062,202.3095629583391,200.05542031132367,201.76189889660517,2716000,LMT,3303
2016-07-29,200.59515380859375,202.246078883876,200.57134337908852,202.00002970491965,2178300,LMT,3303
2016-08-01,202.2698974609375,202.34132875233047,200.25387097796596,200.51579782417755,2782400,LMT,3303
2016-08-02,203.98434448242188,204.34944586542431,200.59518486197408,201.73813409957464,4770800,LMT,3303
2016-08-03,203.86529541015625,204.57963263894408,202.19849239484387,204.38914917052364,6827200,LMT,3303
2016-08-04,204.57962036132812,205.397144160518,203.3017534670121,204.50024418017958,5720200,LMT,3303
2016-08-05,206.5956268310547,206.5956268310547,204.48434669772007,205.68286144592054,4418100,LMT,3303
2016-08-08,206.5163116455078,207.84974447435732,205.40511762146653,206.36550414700795,8743400,LMT,3303
2016-08-09,206.88934326171875,207.38938659259244,205.7146386784315,206.70678045485985,9900300,LMT,3303
2016-08-10,207.3972930908203,208.03227831769286,205.62732778477297,206.22261280997304,9565300,LMT,3303
2016-08-11,208.3814697265625,209.59584995027296,206.48448355721754,207.55600121865726,12648900,LMT,3303
2016-08-12,209.65939331054688,210.603914210294,207.6909995474795,208.34182613760376,13962300,LMT,3303
2016-08-15,211.52459716796875,211.8658880780243,209.69906624339478,209.7149317896039,9143800,LMT,3303
2016-08-16,203.80178833007812,211.16744797818032,201.952446699318,210.51662137564597,7884400,LMT,3303
2016-08-17,202.90489196777344,204.38119936804117,199.6586070864182,203.74623834044218,4381100,LMT,3303
2016-08-18,202.730224609375,203.18264694786166,201.68252948046754,202.90484248270997,2596300,LMT,3303
2016-08-19,201.6984405517578,202.39691220275625,200.5713690038045,202.18260619872626,2412700,LMT,3303
2016-08-22,201.761962890625,203.5240198848392,201.4047942491532,201.8968927280207,3791000,LMT,3303
2016-08-23,198.22991943359375,202.58741031087064,196.95204038943749,202.58741031087064,10627900,LMT,3303
2016-08-24,196.93614196777344,198.22989853446254,194.3010200848291,197.44411800009428,10559900,LMT,3303
2016-08-25,197.2615966796875,198.57916387274338,195.2535026819687,196.53138178152665,4383900,LMT,3303
2016-08-26,194.0153045654297,198.26960885483305,193.3882642000171,197.63463571545392,4697100,LMT,3303
2016-08-29,193.90415954589844,195.31696823595465,193.6977863389912,194.45975642775701,1637600,LMT,3303
2016-08-30,191.34706115722656,194.43162905143924,190.86760203706427,193.9042130451449,1887400,LMT,3303
2016-08-31,194.15989685058594,194.67931384552713,190.66778754932298,190.98742690106224,2890200,LMT,3303
2016-09-01,194.6713409423828,194.85513297300088,193.30485640080008,194.2877712543875,1337100,LMT,3303
2016-09-02,194.4395751953125,195.78207499959237,193.59250781199262,194.78318686183934,1492700,LMT,3303
2016-09-06,194.18386840820312,195.3745475465244,193.59252219706767,195.17476990412914,1599800,LMT,3303
2016-09-07,192.88131713867188,194.18387128831543,192.70551183527974,193.51262132634173,1245900,LMT,3303
2016-09-08,193.0890655517578,193.58451013813047,191.7865115919559,192.17808010943435,1249600,LMT,3303
2016-09-09,190.14035034179688,192.29794620795215,190.1003923789414,191.89839096631383,1574200,LMT,3303
2016-09-12,190.82762145996094,191.386996463961,188.01474861968282,188.98966456670888,1822000,LMT,3303
2016-09-13,189.71685791015625,190.76369088624304,189.38921962488098,189.92462228465587,1609000,LMT,3303
2016-09-14,189.71685791015625,190.99542760420567,189.31730259449193,189.71685791015625,1494500,LMT,3303
2016-09-15,191.05934143066406,191.37899297168786,189.14946767433764,189.71684153874267,1267100,LMT,3303
2016-09-16,189.748779296875,190.699722710306,189.58895964103257,190.52391743084186,2892900,LMT,3303
2016-09-19,192.48974609375,193.29684332986767,191.05134471805508,191.2271500080544,1456600,LMT,3303
2016-09-20,192.1701202392578,193.5765627471229,192.1701202392578,192.86535477656312,1007900,LMT,3303
2016-09-21,194.839111328125,194.8790570949477,192.2819481916805,192.69748903037134,1660200,LMT,3303
2016-09-22,197.07662963867188,197.40426787347775,195.57431017474457,195.74211655313675,1173000,LMT,3303
2016-09-23,196.4533233642578,197.01269827833002,195.4943931982114,196.64511427485056,858800,LMT,3303
2016-09-26,196.2056427001953,197.76390607491714,195.7901017357824,196.34948896203335,880700,LMT,3303
2016-09-27,196.4133758544922,197.39629060595473,196.02181949053033,196.61315349111248,946500,LMT,3303
2016-09-28,196.3814239501953,197.34835311177633,195.6702160256624,196.685089870825,1352500,LMT,3303
2016-09-29,193.65646362304688,196.64514171449602,192.55369926527135,196.64514171449602,1134100,LMT,3303
2016-09-30,191.56277465820312,194.55943910551758,189.65290100485305,194.2318008661811,2167000,LMT,3303
2016-10-03,192.25003051757812,192.82539112776746,189.82072745378753,190.75569759044032,1338300,LMT,3303
2016-10-04,189.46908569335938,192.62556941756586,188.98961456338432,192.5536524061068,1409600,LMT,3303
2016-10-05,189.06961059570312,191.02742951799914,188.9896946423594,191.02742951799914,1172100,LMT,3303
2016-10-06,187.56724548339844,189.40520234594968,187.3754545451761,189.38921671939937,1899700,LMT,3303
2016-10-07,186.6162872314453,186.983883452454,185.05003736948342,186.3525792846594,2183900,LMT,3303
2016-10-10,186.4245147705078,187.73505572484765,186.28866742570278,186.84805462526077,990000,LMT,3303
2016-10-11,185.2738037109375,186.69621965124122,185.10598511417783,186.19277605442275,1060700,LMT,3303
2016-10-12,185.47352600097656,186.28860981774997,184.89016663823125,185.33766650472415,1256000,LMT,3303
2016-10-13,186.18479919433594,186.52841092920804,184.63452254523588,185.12198054115436,1112000,LMT,3303
2016-10-14,185.84913635253906,187.06377554314827,185.33769392265057,186.49641391186103,1081000,LMT,3303
2016-10-17,186.00892639160156,187.25553663227456,185.8730790903443,185.93699719044218,793300,LMT,3303
2016-10-18,186.02491760253906,191.4668700479294,185.85711123519178,187.22358328599407,867900,LMT,3303
2016-10-19,185.6573486328125,186.78409739279462,185.0580157426253,186.25668152299974,992400,LMT,3303
2016-10-20,185.2578125,185.96103373233197,184.3707992432031,185.51352155228244,922800,LMT,3303
2016-10-21,184.2109832763672,184.72241358470635,182.59677641207836,184.65049655543842,1553000,LMT,3303
2016-10-24,185.521484375,185.78519228582877,184.53058303068505,184.99406855334246,1304900,LMT,3303
2016-10-25,199.18630981445312,199.60983746983632,190.6997588866745,192.64959076083284,3130700,LMT,3303
2016-10-26,199.84950256347656,201.3758062435776,197.77182298973557,198.65883595735625,2112300,LMT,3303
2016-10-27,198.6029510498047,200.76854608212415,198.21938138638868,200.00139456183237,1294400,LMT,3303
2016-10-28,198.1793670654297,199.91343506403743,197.9316448075509,198.75472749367677,1119000,LMT,3303
2016-10-31,196.88487243652344,198.82670533087878,196.32548526486187,198.37121863200753,1320900,LMT,3303
2016-11-01,195.76612854003906,197.5321684860208,195.16679553748514,197.5321684860208,1081000,LMT,3303
2016-11-02,195.8699951171875,197.89973062905432,195.14280156159964,195.74213449771847,953800,LMT,3303
2016-11-03,190.7477264404297,194.50354438603506,189.47714332195983,193.82430759005837,1695100,LMT,3303
2016-11-04,188.8138427734375,191.54679943457182,188.75791137464918,190.86756277237353,1512200,LMT,3303
2016-11-07,191.2032012939453,191.7226183191058,189.8047577101713,191.65070128979934,1376000,LMT,3303
2016-11-08,191.13925170898438,192.52170952681294,190.66777941756584,190.98741875567285,1259300,LMT,3303
2016-11-09,202.54258728027344,205.75501545297988,199.77765911302646,205.0437952808153,4184300,LMT,3303
2016-11-10,205.58714294433594,206.32233531093678,201.99115800343597,205.77094713271524,2627400,LMT,3303
2016-11-11,207.10549926757812,207.55299924038468,203.82114211021207,206.138557909443,2002900,LMT,3303
2016-11-14,213.5542755126953,214.00977433625727,208.408002103284,208.75163814155425,2455100,LMT,3303
2016-11-15,212.50746154785156,215.55207077576736,209.24710125190495,214.79293038956524,2014600,LMT,3303
2016-11-16,210.44580078125,212.69929873378445,208.9354699023421,212.45955089953813,1464200,LMT,3303
2016-11-17,210.38983154296875,211.34077507967493,209.67863581129305,210.5656368452233,913500,LMT,3303
2016-11-18,210.23802185058594,211.3327995593231,209.03135694306758,210.27799201597443,1197100,LMT,3303
2016-11-21,210.50172424316406,211.2288934261212,209.87841895282932,211.0051434343836,965500,LMT,3303
2016-11-22,211.4926300048828,212.2757672302447,210.50174059122153,211.35677046256376,1244700,LMT,3303
2016-11-23,211.2847900390625,212.41953756499842,210.6135402131102,211.69234415682143,1038000,LMT,3303
2016-11-25,212.4994354248047,212.9549097911569,211.48454967066252,212.03593776421198,653000,LMT,3303
2016-11-28,212.50746154785156,212.74720934369316,211.65240741116168,212.34765407087565,1364900,LMT,3303
2016-11-29,214.494873046875,215.4523696162047,212.18562528142277,212.82127983571928,1209500,LMT,3303
2016-11-30,213.42474365234375,215.5972202334704,213.42474365234375,215.2753536622132,1468000,LMT,3303
2016-12-01,214.35006713867188,214.4546713278523,212.66841974523945,213.45695362485245,874900,LMT,3303
2016-12-02,215.33163452148438,215.75808062238357,214.03621271581625,214.49482582265648,1091000,LMT,3303
2016-12-05,214.77647399902344,217.1661881842338,214.27761523897436,216.4018165391478,1270300,LMT,3303
2016-12-06,214.02822875976562,214.67191285885787,212.42704798866595,213.89143299734695,1145900,LMT,3303
2016-12-07,214.3339385986328,214.83279734532132,212.7005666272323,214.08450922528857,1269400,LMT,3303
2016-12-08,208.5970458984375,214.33397147527887,208.08207901320785,214.33397147527887,2767300,LMT,3303
2016-12-09,208.82229614257812,209.37748396223736,207.6395079035173,208.07400805693925,1545300,LMT,3303
2016-12-12,203.65664672851562,204.13136789902316,197.53350974392833,202.5865044488656,7080300,LMT,3303
2016-12-13,202.5141143798828,205.5797040889844,201.25085942438213,204.91187030886098,2519200,LMT,3303
2016-12-14,203.00491333007812,205.04059377678428,202.82789657145292,203.01295508183978,1844900,LMT,3303
2016-12-15,201.6773681640625,203.8176536256394,201.48426782481488,203.0371736812109,1855600,LMT,3303
2016-12-16,201.2187042236328,203.39921032190261,200.3738535680082,202.18424256828112,2138100,LMT,3303
2016-12-19,202.90835571289062,203.13365981985677,200.78416683671242,200.78416683671242,1045600,LMT,3303
2016-12-20,204.1555633544922,204.19579667878554,202.84404538043356,202.90840396631876,900200,LMT,3303
2016-12-21,203.1819610595703,204.77509985255438,202.98884849050222,204.77509985255438,819600,LMT,3303
2016-12-22,203.40725708007812,203.97048673786108,202.03941011760935,202.7716025339843,831100,LMT,3303
2016-12-23,200.8244171142578,202.66699749796044,198.74850312941268,199.68186208895264,2086400,LMT,3303
2016-12-27,201.84628295898438,202.56239181730862,201.31523262966934,201.7819121059627,788800,LMT,3303
2016-12-28,200.8163604736328,201.95891541423197,199.96346821357173,201.5083317506136,1007700,LMT,3303
2016-12-29,201.6290283203125,202.69917070739407,200.7117651710261,201.3071863399429,900900,LMT,3303
2016-12-30,201.1060028076172,202.21637835025356,200.17264401170493,201.58072395679432,1058100,LMT,3303
2017-01-03,203.817626953125,204.4613233138532,201.76585017470438,202.11988378697924,1667700,LMT,3303
2017-01-04,204.36473083496094,205.0969231696412,203.84172227877863,204.45323921970044,1077600,LMT,3303
2017-01-05,205.9659423828125,207.60735634736378,204.45327013871247,204.6705079798019,1279200,LMT,3303
2017-01-06,207.47059631347656,208.0499218091903,205.56364477446598,205.56364477446598,1246000,LMT,3303
2017-01-09,207.4384002685547,208.38784286314237,207.1326417419989,207.59127953183258,1067100,LMT,3303
2017-01-10,206.11886596679688,208.3637310053452,206.11886596679688,207.72004685797907,1146400,LMT,3303
2017-01-11,205.28201293945312,206.78664334158682,202.53022328345867,206.22340141711163,1613000,LMT,3303
2017-01-12,203.26243591308594,205.44295438608304,202.20838912365252,205.10501656425996,1153300,LMT,3303
2017-01-13,204.79922485351562,205.94177985955866,202.77964000358872,203.3589653978478,1162000,LMT,3303
2017-01-17,204.46932983398438,204.64634660961858,202.811820278032,203.9382917845665,1431000,LMT,3303
2017-01-18,204.42913818359375,204.96017630935634,203.51991663962053,204.45327572215174,925300,LMT,3303
2017-01-19,206.810791015625,207.14068706699194,205.33029807739888,205.63605659110348,1076500,LMT,3303
2017-01-20,207.3740234375,207.65561984562882,206.06249332318384,207.55906969941654,1184400,LMT,3303
2017-01-23,207.17286682128906,208.99128518309095,205.19350290344866,207.71194664999743,1606300,LMT,3303
2017-01-24,203.49574279785156,203.93023069187043,200.36578232251472,201.46006222604424,2985000,LMT,3303
2017-01-25,201.9589385986328,204.63831563182526,199.54508674287226,203.6164482418574,2329900,LMT,3303
2017-01-26,205.15322875976562,205.16932453991507,200.79220542797117,201.15428067769443,1956700,LMT,3303
2017-01-27,203.97047424316406,208.49241928970056,201.25891802127106,205.16130434345598,2597200,LMT,3303
2017-01-30,203.43141174316406,206.20733922252825,202.66702769485897,204.6383378017995,1537400,LMT,3303
2017-01-31,202.2244110107422,203.16581151555602,201.122089546363,203.02098633519185,1276300,LMT,3303
2017-02-01,201.8784637451172,203.21413133088913,201.13821734610124,201.8221469217333,1210400,LMT,3303
2017-02-02,202.73939514160156,202.90031612473587,201.42786518796314,201.8784488517328,1045700,LMT,3303
2017-02-03,204.742919921875,206.35214221579395,202.3612473541029,203.3026481050762,1803700,LMT,3303
2017-02-06,205.42681884765625,206.84295300123625,204.46128064679627,204.71875177086625,980800,LMT,3303
2017-02-07,206.27972412109375,207.0280122837046,205.6440818843862,205.98201966209612,977800,LMT,3303
2017-02-08,206.577392578125,207.43833879407998,206.30382570253448,206.73027179609704,973400,LMT,3303
2017-02-09,207.75221252441406,208.42808816135732,206.5774534972519,206.5774534972519,869300,LMT,3303
2017-02-10,209.6430206298828,209.94074964702787,207.59125640599777,207.97748153677506,748800,LMT,3303
2017-02-13,211.0913848876953,211.702877429048,210.021229969122,210.04536750950467,906700,LMT,3303
2017-02-14,211.26034545898438,211.74312081655927,210.68907397259105,210.9626409457227,824200,LMT,3303
2017-02-15,211.98446655273438,212.22586647522763,210.06144397821907,210.80973217250852,1063800,LMT,3303
2017-02-16,213.48902893066406,213.54535801679026,211.3970442656211,212.3545405099129,858500,LMT,3303
2017-02-17,213.50526428222656,213.56962287976862,212.01671695616864,212.9902972819777,882100,LMT,3303
2017-02-21,213.75462341308594,214.08451943500893,212.5718350632528,213.07069383373192,957300,LMT,3303
2017-02-22,213.96389770507812,214.04433981158527,212.58798409212892,213.22363879638732,712700,LMT,3303
2017-02-23,213.10289001464844,214.2776243597639,212.23388960759934,214.2776243597639,1008300,LMT,3303
2017-02-24,214.02822875976562,214.02822875976562,211.75920179475773,212.8776317690254,929200,LMT,3303
2017-02-27,218.22482299804688,218.7433375917759,214.0444165257554,214.69253504378008,1499700,LMT,3303
2017-02-28,215.97259521484375,218.51651128804767,215.86729510836534,218.45170932066569,2049400,LMT,3303
2017-03-01,217.43084716796875,218.74330303028924,216.58016393281576,218.00605411614308,1125600,LMT,3303
2017-03-02,216.30471801757812,217.93314833882138,215.68090340815132,217.93314833882138,954200,LMT,3303
2017-03-03,216.92860412597656,217.39037686476965,215.7052537423239,216.36959134961467,771100,LMT,3303
2017-03-06,216.8961944580078,217.5119244190244,216.1508358355067,216.66124096380847,778300,LMT,3303
2017-03-07,217.96559143066406,218.24104303830188,216.5558953250465,216.56400484190362,884000,LMT,3303
2017-03-08,216.8961944580078,217.9736971656477,216.56402564872988,217.93319902574467,818000,LMT,3303
2017-03-09,217.6739044189453,217.93316169750796,216.75033435975138,217.12300124510085,729400,LMT,3303
2017-03-10,217.65769958496094,218.66229058564195,216.53156474298865,218.66229058564195,687200,LMT,3303
2017-03-13,218.08709716796875,218.14381433421156,217.12300423838244,217.5361939865295,819100,LMT,3303
2017-03-14,217.12303161621094,218.05471132197522,216.62073602131915,217.87647500854862,701600,LMT,3303
2017-03-15,218.28964233398438,218.638005407589,216.92046914093427,217.12300926151403,748500,LMT,3303
2017-03-16,217.07437133789062,219.29420283814966,216.41814341665884,219.29420283814966,982200,LMT,3303
2017-03-17,220.3474578857422,220.50947514846266,217.36604850688136,217.75493444085518,2127700,LMT,3303
2017-03-20,220.38796997070312,222.4457846581845,220.06391070061366,220.49329479641315,1325000,LMT,3303
2017-03-21,217.9331512451172,221.18998720690254,217.4146367128606,220.64719357533852,1359600,LMT,3303
2017-03-22,218.27346801757812,218.97019422860333,217.05011766550126,217.79545153198688,1021200,LMT,3303
2017-03-23,218.33822631835938,219.93424328449416,217.91695181390614,218.27342436541778,803800,LMT,3303
2017-03-24,216.6531219482422,218.72713075610986,216.09410925070162,218.60558690732128,870500,LMT,3303
2017-03-27,216.44248962402344,217.0258061931399,213.91479273256456,215.2191393150385,994300,LMT,3303
2017-03-28,218.0303497314453,219.3833283963958,215.5188476982173,216.0130583689352,1021300,LMT,3303
2017-03-29,217.31739807128906,217.8683258836554,216.52345677475324,217.8683258836554,814100,LMT,3303
2017-03-30,219.18080139160156,219.49675109084012,217.2931138153543,217.57667489999056,562200,LMT,3303
2017-03-31,216.79893493652344,219.12409140321867,216.79893493652344,219.12409140321867,1214400,LMT,3303
2017-04-03,217.6739044189453,218.17619994357614,216.59640189586324,216.798942008965,799100,LMT,3303
2017-04-04,218.38685607910156,218.78382680088444,217.3255478327606,217.56050129371616,567900,LMT,3303
2017-04-05,216.29666137695312,219.51299958342838,216.1589232119409,218.6137085627877,949500,LMT,3303
2017-04-06,216.4019775390625,216.95290551587217,215.7619684914614,216.20754691438756,740400,LMT,3303
2017-04-07,218.9296875,220.63911433960635,217.26884358980968,220.63911433960635,1020800,LMT,3303
2017-04-10,217.95748901367188,219.84515219261425,217.79544701607156,218.8972782066512,789300,LMT,3303
2017-04-11,218.9621124267578,219.16465259152585,217.2688796161938,217.9332172904269,744400,LMT,3303
2017-04-12,217.53614807128906,219.13216483662887,217.15537174481315,218.65417323090466,955400,LMT,3303
2017-04-13,217.12303161621094,218.97019671711465,217.12303161621094,217.23646596299986,764000,LMT,3303
2017-04-17,218.64608764648438,218.6622819534215,217.0500707064648,217.22830697930416,811600,LMT,3303
2017-04-18,217.75485229492188,219.31037071987683,217.30116457183638,218.64603343817072,762800,LMT,3303
2017-04-19,218.44357299804688,218.78382655229254,217.66582586420694,218.4921806486534,815900,LMT,3303
2017-04-20,220.2421112060547,221.33583269843575,218.4759674556478,218.86482862688837,814600,LMT,3303
2017-04-21,221.24671936035156,222.38093907134544,220.36364741664434,220.52568939998721,955500,LMT,3303
2017-04-24,223.7744903564453,224.1228782638795,222.23518990020062,223.231696507903,1098800,LMT,3303
2017-04-25,218.759521484375,222.3890492952374,216.86374894908235,221.90294806779775,2963900,LMT,3303
2017-04-26,219.02682495117188,220.77677402945514,218.3705971373317,219.22125549627168,1477200,LMT,3303
2017-04-27,219.6669158935547,220.98745665645478,218.6947134656137,219.42385292450206,953800,LMT,3303
2017-04-28,218.29779052734375,219.99102326849209,217.62534336236234,219.61024678537277,1004200,LMT,3303
2017-05-01,217.47134399414062,218.83240749326959,217.4227363494669,218.37871966022658,841500,LMT,3303
2017-05-02,218.33013916015625,218.63800409745443,217.12300796045773,217.27694042910682,737100,LMT,3303
2017-05-03,218.41925048828125,218.70281157531943,217.28503086426213,217.73060919808387,636500,LMT,3303
2017-05-04,219.15650939941406,219.31852665357158,217.81972488884065,218.637994848187,691100,LMT,3303
2017-05-05,221.19813537597656,221.25485254862824,218.91347667673958,219.2942531266124,812700,LMT,3303
2017-05-08,220.76876831054688,221.98400923702692,220.4447090083135,221.10904664858285,674800,LMT,3303
2017-05-09,221.87860107421875,222.16216212873388,220.58233962795717,221.17376555742413,897900,LMT,3303
2017-05-10,220.15301513671875,221.74903237432423,218.88108189134496,221.07661001113186,934500,LMT,3303
2017-05-11,220.43650817871094,220.56613679073604,218.90531810216567,219.6668707452321,605500,LMT,3303
2017-05-12,219.76416015625,220.1206327785355,219.3509703612968,219.4805990170495,599700,LMT,3303
2017-05-15,220.64718627929688,220.74440156984696,219.5939629420273,219.78030873167026,616500,LMT,3303
2017-05-16,220.08010864257812,221.3844799856961,219.90187233246692,220.4284717455698,614100,LMT,3303
2017-05-17,218.1276092529297,220.0800990619254,217.86026716146992,220.0800990619254,943300,LMT,3303
2017-05-18,216.57211303710938,217.93317675741494,215.51080474904694,217.56050984631293,1245900,LMT,3303
2017-05-19,221.0037078857422,221.07661936983965,217.21213764370611,217.69015413524227,1254100,LMT,3303
2017-05-22,224.4387969970703,227.4850088593691,223.7825688686279,227.4850088593691,1601200,LMT,3303
2017-05-23,225.5162811279297,225.72693078479986,223.68533507869012,225.22463519454462,874700,LMT,3303
2017-05-24,226.88540649414062,227.29859620324123,225.3136933653992,225.40282386452006,871700,LMT,3303
2017-05-25,228.51390075683594,228.73263522187767,227.29865983610222,227.6551324841153,834300,LMT,3303
2017-05-26,229.8019561767578,230.08551721674516,228.09252987065213,228.49761000659709,854600,LMT,3303
2017-05-30,228.38328552246094,230.62561492871757,228.0897561625954,229.80206052942037,902200,LMT,3303
2017-05-31,229.23126220703125,229.35356608643679,227.7146194510012,227.8777078794089,1506600,LMT,3303
2017-06-01,229.09262084960938,229.69602809158016,227.90215502161138,229.27200815660626,829300,LMT,3303
2017-06-02,229.74493408203125,230.66633132903618,228.92137992607158,229.35353683405296,748500,LMT,3303
2017-06-05,228.4158477783203,230.18523512508153,228.38322511902848,229.5329312420337,622500,LMT,3303
2017-06-06,225.76576232910156,228.26902197835477,225.63529661068733,227.9347082406292,890800,LMT,3303
2017-06-07,226.17347717285156,226.55671247637252,225.24391818328408,226.19793794185105,658900,LMT,3303
2017-06-08,226.3692169189453,227.24169269281273,225.5946091280401,226.17353072061968,1116400,LMT,3303
2017-06-09,225.86375427246094,227.64946608936302,225.5457392084994,226.4019163842212,1021700,LMT,3303
2017-06-12,225.77401733398438,226.0512477685375,223.35230087036842,225.86369855525083,835900,LMT,3303
2017-06-13,226.9726104736328,227.4455519879632,224.62430132658062,225.78214456880903,638500,LMT,3303
2017-06-14,228.55442810058594,230.20153630188153,226.6790359580484,226.76058015637517,828900,LMT,3303
2017-06-15,229.0681915283203,229.59005463262193,226.49154843938658,228.10603442404195,617700,LMT,3303
2017-06-16,229.2148895263672,230.16890934977226,228.86427685228134,230.04660549646266,1287600,LMT,3303
2017-06-19,230.1852569580078,231.96283124294138,229.44327179627828,229.73680110635144,1064100,LMT,3303
2017-06-20,230.66632080078125,232.37048758216255,230.2667616855204,230.71524234407096,967600,LMT,3303
2017-06-21,230.74778747558594,231.58764028885494,230.21778762166113,231.3104099788603,801400,LMT,3303
2017-06-22,228.66049194335938,231.3349781040275,228.6197322755994,230.53590945255723,694000,LMT,3303
2017-06-23,228.8316650390625,229.51659145936296,228.33426288773148,228.33426288773148,1026800,LMT,3303
2017-06-26,228.06524658203125,230.919119761151,227.89399627494853,229.2638743126135,886500,LMT,3303
2017-06-27,226.5404052734375,228.48104270194943,226.5404052734375,227.7553565793704,740500,LMT,3303
2017-06-28,228.326171875,229.0600449452075,226.98077938595523,227.55970102498878,955700,LMT,3303
2017-06-29,225.6435089111328,228.18752877915708,223.98010173442583,228.18752877915708,905200,LMT,3303
2017-06-30,226.3610382080078,227.4292249846051,225.30920008638816,226.36920009359787,1085900,LMT,3303
2017-07-03,227.42921447753906,228.70122438094378,226.02673882970868,226.18166534597688,462800,LMT,3303
2017-07-05,230.2667999267578,231.34312382547273,227.82062282084226,227.90216703446617,869500,LMT,3303
2017-07-06,229.09262084960938,231.14742543590071,228.6360031379444,229.94063583575817,766000,LMT,3303
2017-07-07,232.5498809814453,233.97681742709355,229.53291968569894,229.66338543249952,1197200,LMT,3303
2017-07-10,232.85165405273438,234.7596696138243,231.75086914492715,232.79457060271494,1347800,LMT,3303
2017-07-11,233.54470825195312,234.62916922338297,232.43576161943503,232.85161971710454,915600,LMT,3303
2017-07-12,233.49569702148438,235.4607951975361,233.49569702148438,234.13986382301215,812600,LMT,3303
2017-07-13,233.8219451904297,234.7107199682808,233.022851637188,234.11547452602707,705100,LMT,3303
2017-07-14,234.93893432617188,235.4607723407546,233.78106657277195,234.05829690611162,887900,LMT,3303
2017-07-17,235.2324981689453,236.5126699514029,234.51494901995514,235.240660054119,1319300,LMT,3303
2017-07-18,233.84634399414062,238.88546199017654,233.22663793815573,236.9856090481435,1811000,LMT,3303
2017-07-19,237.01004028320312,237.50741753598925,234.05016288354315,234.57200090476476,1139700,LMT,3303
2017-07-20,236.19471740722656,237.06716832641644,235.5994720223847,236.93670256191137,1150900,LMT,3303
2017-07-21,235.74620056152344,236.520833143417,233.90340613541645,235.0775729522886,1230100,LMT,3303
2017-07-24,236.69207763671875,237.47484728316863,235.81146489493747,236.03161185943318,768700,LMT,3303
2017-07-25,236.32513427734375,238.15162991104302,236.23545307049574,237.67055145044563,805200,LMT,3303
2017-07-26,236.34144592285156,237.2709801375936,235.46080836804708,237.1323773916128,882400,LMT,3303
2017-07-27,234.93893432617188,236.86324777539758,233.3407727465344,236.62680197812682,1117400,LMT,3303
2017-07-28,236.798095703125,237.0916250053394,233.67512906303418,234.89008058733208,1086200,LMT,3303
2017-07-31,238.2006378173828,239.5949521584423,237.30370100472797,237.62171605440832,1139200,LMT,3303
2017-08-01,238.62460327148438,239.9944566598945,238.01305891410803,239.66830464605448,1036700,LMT,3303
2017-08-02,240.296142578125,240.41028457091198,238.21687709408582,238.6898186059475,983700,LMT,3303
2017-08-03,241.20938110351562,241.2827634320489,238.74688017721772,239.7253609919296,983600,LMT,3303
2017-08-04,242.17156982421875,242.17156982421875,240.57340750934222,241.57632434762613,796400,LMT,3303
2017-08-07,242.2938690185547,242.76681058908045,241.84541311073528,242.42433480063752,769100,LMT,3303
2017-08-08,244.69924926757812,244.96018079174956,242.44059653193105,242.81569492935245,1009300,LMT,3303
2017-08-09,248.87399291992188,249.13492437992915,245.43303705293104,245.59612543638397,1750600,LMT,3303
2017-08-10,247.26776123046875,250.4070271494793,247.06391311733563,249.95854637030473,1339600,LMT,3303
2017-08-11,247.67539978027344,249.87696884295025,246.72137988410094,246.93338983520528,987800,LMT,3303
2017-08-14,250.79835510253906,251.18975236847905,248.09127155213253,249.06159038918915,1203000,LMT,3303
2017-08-15,249.67312622070312,251.53221962472804,249.1186405583256,251.11636159889431,1020300,LMT,3303
2017-08-16,249.3468780517578,250.1704319821487,248.97996656083404,249.41212335044904,1035600,LMT,3303
2017-08-17,245.77545166015625,249.22454367099553,245.6531229610531,248.90655375117476,1067000,LMT,3303
2017-08-18,243.9653778076172,245.64508389772706,243.65552476275855,245.32706896733086,1204700,LMT,3303
2017-08-21,246.15061950683594,246.4360117746842,242.79934437761824,244.6176780761512,962200,LMT,3303
2017-08-22,248.53155517578125,249.08604083381874,247.03939826314746,247.47971705859572,960400,LMT,3303
2017-08-23,246.9334716796875,248.3359478316408,246.68070198519055,247.87933000391698,697100,LMT,3303
2017-08-24,246.73777770996094,247.92008191537928,245.63699284823699,247.47978787773332,574400,LMT,3303
2017-08-25,246.90081787109375,248.4337596210301,246.8274355384439,247.81407829516385,571100,LMT,3303
2017-08-28,247.56121826171875,247.7569293141494,246.6643067329444,247.6590862298319,830400,LMT,3303
2017-08-29,251.2549591064453,251.28755687741923,248.28691961737255,248.28691961737255,1277600,LMT,3303
2017-08-30,251.23866271972656,251.99329201283777,250.58248292440308,251.3371122175143,1273000,LMT,3303
2017-08-31,250.49217224121094,251.6978965180201,250.1476617109476,251.6978965180201,982400,LMT,3303
2017-09-01,247.86741638183594,251.2713948616383,247.86741638183594,250.9597008024231,1188800,LMT,3303
2017-09-05,247.8756866455078,249.786828267433,247.63781085364212,249.72122030673847,1387200,LMT,3303
2017-09-06,247.26043701171875,249.30281899405432,247.1455918242622,248.86809441459528,1217400,LMT,3303
2017-09-07,247.99868774414062,248.34317330223934,246.26797447771844,247.26047937370836,923400,LMT,3303
2017-09-08,248.44979858398438,249.07318675498556,247.31786744470264,247.31786744470264,1161100,LMT,3303
2017-09-11,249.74574279785156,249.8359568425564,247.8837889961515,249.10595901077838,917600,LMT,3303
2017-09-12,249.130615234375,249.97545841843703,248.4580148268094,249.7211869282974,640800,LMT,3303
2017-09-13,246.23513793945312,248.58100355874276,246.16129458744382,248.58100355874276,1143100,LMT,3303
2017-09-14,247.1702880859375,247.21131496712712,244.7587885862132,246.23523064430282,1507600,LMT,3303
2017-09-15,247.9576873779297,248.8189514285455,246.9159951796451,247.99050387371128,2025900,LMT,3303
2017-09-18,249.18795776367188,249.62268231514298,248.03963112126172,248.41693308270146,1005500,LMT,3303
2017-09-19,250.70545959472656,252.02605431577342,249.0731958084987,249.58994917622792,1365100,LMT,3303
2017-09-20,252.55104064941406,252.60025288117646,250.36920659188294,250.46763105540774,1265000,LMT,3303
2017-09-21,252.64122009277344,253.37942842651194,252.13267713023464,252.71503842298247,875600,LMT,3303
2017-09-22,253.07591247558594,255.38896162232783,252.84624713365255,253.1661265237961,1018600,LMT,3303
2017-09-25,251.689697265625,253.42859548506814,249.9343782879629,253.02668741500165,1222400,LMT,3303
2017-09-26,253.92897033691406,254.83944646242003,252.8052496037819,253.08412719194519,1025800,LMT,3303
2017-09-27,254.38011169433594,255.3561957532642,253.4614502345558,254.02741578239312,973300,LMT,3303
2017-09-28,253.5598602294922,254.5769460689378,251.46824092307764,253.46143579750017,824200,LMT,3303
2017-09-29,254.51129150390625,254.56868905762363,253.19890757723869,253.41217716191906,911500,LMT,3303
2017-10-02,255.3643798828125,255.40540675271416,253.67469362771644,254.92146991573495,1007800,LMT,3303
2017-10-03,256.6193542480469,257.5708322402272,255.33978643861604,255.40541942105526,803000,LMT,3303
2017-10-04,256.75054931640625,257.63641919954773,256.29121864797884,256.96381892376326,903700,LMT,3303
2017-10-05,258.0301513671875,258.6125376755944,256.43891457362093,256.58655122998573,950400,LMT,3303
2017-10-06,259.5721435546875,259.5721435546875,257.78403324986124,258.37460477632993,857700,LMT,3303
2017-10-09,260.2611389160156,261.11419223715336,258.78472261896036,259.70338387327405,880100,LMT,3303
2017-10-10,260.5974426269531,261.0978001219499,259.37529773047396,261.0978001219499,941500,LMT,3303
2017-10-11,261.31927490234375,261.4915176450773,260.05610304846175,260.5482502022016,706300,LMT,3303
2017-10-12,263.4190673828125,263.7553675053378,261.06499155677824,261.1224141456188,867700,LMT,3303
2017-10-13,261.9754638671875,264.2721170724947,261.77040465129784,263.8045760526721,1095500,LMT,3303
2017-10-16,261.60638427734375,263.02540326345076,260.6220898891608,262.2625638483683,588200,LMT,3303
2017-10-17,261.0567626953125,261.5981219982467,260.03146667421913,261.40948355061585,741600,LMT,3303
2017-10-18,258.8421936035156,261.50796382782954,258.12859142545506,261.1060306801826,1131100,LMT,3303
2017-10-19,259.8838806152344,260.0725441312109,256.75056935759295,258.842188666533,727600,LMT,3303
2017-10-20,262.47576904296875,262.47576904296875,259.6869690032152,260.77787290437846,933400,LMT,3303
2017-10-23,263.07464599609375,263.75543175421103,262.3692290953509,263.3453132168358,1239000,LMT,3303
2017-10-24,256.8572082519531,260.01512566781264,254.77379928979167,258.1203802246262,2567800,LMT,3303
2017-10-25,256.2666320800781,259.1620676004315,255.34797067318297,256.61932797171715,1658800,LMT,3303
2017-10-26,252.54281616210938,257.89896349654566,248.78611617539354,257.0951221162407,1599400,LMT,3303
2017-10-27,252.63299560546875,254.58516366748358,252.427936355789,252.5919937681915,998600,LMT,3303
2017-10-30,253.14974975585938,254.61798099727702,252.48535978723424,253.04311494061022,1157300,LMT,3303
2017-10-31,252.7641143798828,254.13389548806978,252.74771865922452,253.58435098221955,693900,LMT,3303
2017-11-01,251.4846649169922,253.99458809165105,251.1811812372319,253.49423051372887,1016100,LMT,3303
2017-11-02,254.97886657714844,254.97886657714844,251.08274075422617,251.08274075422617,868900,LMT,3303
2017-11-03,254.2652587890625,255.79091262053373,253.4860486605966,255.02809822062144,652200,LMT,3303
2017-11-06,254.33900451660156,255.85644753483433,253.19067805446088,254.04373129703944,717300,LMT,3303
2017-11-07,256.9720153808594,257.03762331637563,254.33903701183473,254.33903701183473,874200,LMT,3303
2017-11-08,258.899658203125,258.948870428103,256.9802813023801,257.09512651509584,729600,LMT,3303
2017-11-09,255.15931701660156,258.42386931448505,254.5031374239356,258.25162655194845,890600,LMT,3303
2017-11-10,255.2332000732422,255.6515039901785,254.0766627101754,254.5195727398727,630800,LMT,3303
2017-11-13,256.6932373046875,256.9639045620701,254.5277991190168,255.09376477974197,702800,LMT,3303
2017-11-14,257.3411560058594,257.5544256423146,254.84765347465625,255.91395159363742,605700,LMT,3303
2017-11-15,254.79844665527344,257.3739779498191,254.71641794477176,256.8162227690446,754900,LMT,3303
2017-11-16,256.4471130371094,256.5701435903719,255.0937268879244,255.1675452198819,635500,LMT,3303
2017-11-17,254.02745056152344,256.2666819184009,253.86339312196685,255.5776857292347,692300,LMT,3303
2017-11-20,258.0876159667969,258.84224516376906,254.2817285818086,254.43757564388272,901800,LMT,3303
2017-11-21,259.9659118652344,260.52366700708916,258.05474567366224,258.57149897895124,858000,LMT,3303
2017-11-22,258.26800537109375,259.90026889734276,257.84149116695073,259.44914858587697,685700,LMT,3303
2017-11-24,259.0472717285156,259.38357192357927,258.3910670680323,258.44848966925866,320900,LMT,3303
2017-11-27,259.76898193359375,259.92482891454284,258.41557130623204,259.19480621097733,657800,LMT,3303
2017-11-28,261.6637878417969,262.008273330453,259.3343179929503,259.8346504989275,967200,LMT,3303
2017-11-29,263.0992126464844,263.46830425577497,261.1060178297343,262.06570607718027,1190500,LMT,3303
2017-11-30,263.3963928222656,264.8985969192959,262.8681604516492,263.80908459472187,2626200,LMT,3303
2017-12-01,258.81549072265625,263.8173123422981,256.8015531186555,263.34683773730615,1707400,LMT,3303
2017-12-04,257.33795166015625,261.25025964199915,257.1976254448147,260.77154850888735,1365900,LMT,3303
2017-12-05,255.984375,259.58303390408895,255.9265921268165,259.58303390408895,1171000,LMT,3303
2017-12-06,257.4947814941406,258.4027079939921,256.07512147310774,257.50304338599665,824800,LMT,3303
2017-12-07,259.51702880859375,260.2928659386034,257.3627652929911,257.3792638910937,972300,LMT,3303
2017-12-08,260.6972961425781,261.28331117834335,258.7163814442035,261.28331117834335,853900,LMT,3303
2017-12-11,260.96148681640625,261.8446279318233,260.1195796077784,260.36720974684073,765800,LMT,3303
2017-12-12,260.73046875,261.5640891576096,259.9215836570987,261.13489870209486,1082200,LMT,3303
2017-12-13,262.2986145019531,263.9823786096943,261.06877602903836,261.36592717015407,862400,LMT,3303
2017-12-14,261.6547546386719,263.32201975164384,261.1677815391706,262.6451994349005,867600,LMT,3303
2017-12-15,266.4502868652344,266.9124995743162,262.8268414904749,263.04144924422843,1929400,LMT,3303
2017-12-18,266.4007873535156,267.3747338412722,263.2973373234243,267.08584457762765,1254400,LMT,3303
2017-12-19,264.0978698730469,266.7060838705162,263.94104504617366,266.40069610935154,931000,LMT,3303
2017-12-20,262.2408752441406,265.1627402058217,262.1830923475459,263.9906844248927,932400,LMT,3303
2017-12-21,261.8033752441406,263.4624040182632,261.6548122702888,263.2973172548477,868700,LMT,3303
2017-12-22,262.49664306640625,263.49534978060353,262.1417343019219,262.7194874836804,542100,LMT,3303
2017-12-26,262.89276123046875,263.9327267369088,262.44704733417075,262.7689336229976,516900,LMT,3303
2017-12-27,263.6603698730469,263.85021704705963,262.5295990974356,263.85021704705963,574700,LMT,3303
2017-12-28,265.85595703125,266.021018572482,263.883278919984,263.9823208824629,721700,LMT,3303
2017-12-29,264.9893493652344,266.72265966640924,264.96458886901917,265.9550590950346,731200,LMT,3303
2018-01-02,262.91766357421875,266.2852171254801,262.0592576930325,265.7734833926188,1189600,LMT,3303
2018-01-03,265.1214294433594,265.3772963156382,262.9919510766212,263.28084034204414,893400,LMT,3303
2018-01-04,269.6692199707031,269.81778291235656,264.93976481848284,265.1048515461188,1443000,LMT,3303
2018-01-05,272.1124572753906,272.5251490724676,269.05855309024594,269.0667897978658,1241100,LMT,3303
2018-01-08,270.8577880859375,272.71490052009284,270.5688988917734,271.51808465371295,1084500,LMT,3303
2018-01-09,272.79742431640625,273.88691105620063,271.07237635730934,271.5510875562965,865400,LMT,3303
2018-01-10,273.2431640625,275.46344742008574,272.3847834637229,273.25968785124337,1504600,LMT,3303
2018-01-11,273.30926513671875,274.0933644137675,272.50864206752294,273.9035423137373,1152000,LMT,3303
2018-01-12,277.53521728515625,277.61776067748053,273.2267141683782,273.49084294833324,1428100,LMT,3303
2018-01-16,272.46734619140625,277.88188534553734,272.3765660932876,277.6177565694906,1374900,LMT,3303
2018-01-17,276.38787841796875,277.11421985378604,272.64065584754326,273.5815798430681,1009600,LMT,3303
2018-01-18,274.8526611328125,277.2627916467955,274.84439923876045,275.7688245793452,973200,LMT,3303
2018-01-19,274.0273132324219,276.4126835616799,273.8457278606835,275.87616415288164,1511800,LMT,3303
2018-01-22,271.55108642578125,274.60501449449856,271.52632593608666,273.83738893657176,1463000,LMT,3303
2018-01-23,271.30352783203125,273.3257020054045,271.14670297430126,272.3682542593115,1066200,LMT,3303
2018-01-24,272.78094482421875,274.4234748764984,270.24703699448395,271.44382778063255,1360200,LMT,3303
2018-01-25,276.27227783203125,276.66020896059825,272.54979137633734,273.2348735680628,1782900,LMT,3303
2018-01-26,284.67474365234375,284.84806712204926,276.28884487240373,278.0469156312419,2057300,LMT,3303
2018-01-29,290.0562744140625,292.4498814748361,282.4049534128672,288.88421878624246,2881100,LMT,3303
2018-01-30,289.20599365234375,291.1291251733855,284.79842577568616,286.0117399282888,2032900,LMT,3303
2018-01-31,292.8872375488281,295.9163798284354,290.906322879574,291.59137986188273,1887200,LMT,3303
2018-02-01,294.9755859375,298.6155305243377,292.1940473211332,292.4003932147949,1579700,LMT,3303
2018-02-02,291.0797424316406,295.48728721267105,290.1387931694912,293.01113676116825,1958600,LMT,3303
2018-02-05,277.70843505859375,292.17740210137384,269.16571357357,287.7533600704563,2947100,LMT,3303
2018-02-06,278.6411437988281,280.63858245763697,270.0901849451505,271.31173610213347,2603000,LMT,3303
2018-02-07,285.11224365234375,289.16488004793075,278.8310867066528,279.2190179963361,2052900,LMT,3303
2018-02-08,275.9257507324219,289.7014061961695,275.6864076040569,289.0576079412885,2627600,LMT,3303
2018-02-09,281.8023681640625,284.6581872359424,274.2335924672659,279.0620896522848,2366600,LMT,3303
2018-02-12,285.4258117675781,287.6213344821395,280.7128799328776,284.3775839901213,1829200,LMT,3303
2018-02-13,289.07403564453125,289.75909277969765,284.3528416152028,284.9223581731361,1279300,LMT,3303
2018-02-14,292.7305908203125,293.33312999903745,287.3986190845292,287.902091059127,1652100,LMT,3303
2018-02-15,297.96343994140625,297.97993854327524,292.79653123272914,294.99205433915256,1167600,LMT,3303
2018-02-16,297.57550048828125,299.61419866026705,295.35521694592285,297.96343172549973,1084800,LMT,3303
2018-02-20,296.0567321777344,299.3417667162598,294.8516796358296,296.43640143557036,1102600,LMT,3303
2018-02-21,294.7113342285156,299.5976140354605,294.66181324978794,296.3125797105711,1391000,LMT,3303
2018-02-22,293.3494873046875,296.2878498939754,292.6066473581731,295.85039774412917,1432700,LMT,3303
2018-02-23,296.0567321777344,296.0567321777344,292.0536182122609,294.0427949495106,902500,LMT,3303
2018-02-26,296.0650634765625,298.2275641575792,294.7279210844019,297.1380519219097,1156300,LMT,3303
2018-02-27,295.62750244140625,299.052837574919,295.56145768183313,296.6014485411982,1379700,LMT,3303
2018-02-28,292.5316162109375,298.1425473442976,292.51502496580247,296.6152915669365,988400,LMT,3303
2018-03-01,281.94879150390625,293.47772733233046,280.19744050716656,292.5481113073909,2307100,LMT,3303
2018-03-02,283.6337585449219,284.5716829594756,278.09752721138767,280.13108149056023,1684100,LMT,3303
2018-03-05,284.1650695800781,284.5136884316479,280.23079071458244,282.0651241719775,1812400,LMT,3303
2018-03-06,281.79119873046875,285.51797260508624,280.5046805619908,284.61325574303606,1307800,LMT,3303
2018-03-07,284.0322265625,284.85393644126685,277.30907435127364,279.07701709783385,1351000,LMT,3303
2018-03-08,283.6835632324219,285.27720900625053,281.65831719887353,284.79578436065907,1056400,LMT,3303
2018-03-09,282.6129150390625,284.33105895174253,280.61256795181123,283.68364570886786,1568600,LMT,3303
2018-03-12,276.47900390625,283.3266524815482,276.4292048521135,283.0361411123258,2283200,LMT,3303
2018-03-13,276.77783203125,278.8113865340053,275.6324029859523,277.8734620163298,1622100,LMT,3303
2018-03-14,275.3003845214844,279.20147954205794,271.897305403771,278.6453562956669,1712400,LMT,3303
2018-03-15,276.58697509765625,277.5829817438644,272.8933839596692,275.51624452259796,1877200,LMT,3303
2018-03-16,275.06805419921875,277.51661826861186,273.2669287081643,276.7114995200792,4718100,LMT,3303
2018-03-19,278.26361083984375,279.07703782185234,274.1135197012928,274.1550104806198,1502900,LMT,3303
2018-03-20,278.5540771484375,281.7911426459413,278.2386662201937,278.661983553378,1153900,LMT,3303
2018-03-21,278.4461975097656,281.1520648593943,275.97273423537143,279.10191895887664,1270500,LMT,3303
2018-03-22,271.5403747558594,278.44613036930656,270.4115624712331,276.54538211901325,1536300,LMT,3303
2018-03-23,279.1434326171875,285.6424896293996,271.22505150524086,271.4159648195324,2898600,LMT,3303
2018-03-26,285.468017578125,286.0241406527019,281.6001315674298,284.1980913497528,1611100,LMT,3303
2018-03-27,281.25164794921875,287.1364734415237,279.3841071598217,286.6052496807377,1295100,LMT,3303
2018-03-28,278.33001708984375,282.7540286817378,276.57869068756526,282.2062135804639,1422000,LMT,3303
2018-03-29,280.4880065917969,283.036168202946,278.3797788845269,278.91928557607014,1039300,LMT,3303
2018-04-02,276.39605712890625,280.4631411918011,272.868479823207,279.7659289521744,1298600,LMT,3303
2018-04-03,277.8153991699219,279.7410475739417,274.4704266620578,278.03121201886364,1296500,LMT,3303
2018-04-04,283.69189453125,283.84129171056344,271.83092874633644,272.9763577813575,1449400,LMT,3303
2018-04-05,287.725830078125,287.9582341820123,282.2145219015912,285.71720003670197,1589400,LMT,3303
2018-04-06,277.7739562988281,286.0907314136954,276.26331675598175,285.18601441192067,1417900,LMT,3303
2018-04-09,278.81146240234375,282.90344672130453,278.4379440189273,280.1145972696463,981200,LMT,3303
2018-04-10,281.6749572753906,283.07769002535014,279.799133413961,282.7290965747932,996300,LMT,3303
2018-04-11,281.74139404296875,287.39381624361556,280.52957450229593,280.96948315727525,1481100,LMT,3303
2018-04-12,284.5966491699219,285.94127462330977,282.63779301388905,282.72079990128924,1091600,LMT,3303
2018-04-13,284.3642578125,286.4060956171877,282.77891991372957,285.59266861248676,763100,LMT,3303
2018-04-16,286.9374084472656,288.63062796646204,285.98286689861055,286.2484789004999,1141300,LMT,3303
2018-04-17,289.7925720214844,290.6059736616712,287.2942090862918,288.6720423641306,1061800,LMT,3303
2018-04-18,291.4609069824219,292.3739321346062,289.9585759579787,291.5854046554136,843600,LMT,3303
2018-04-19,293.3117980957031,294.00070196842574,290.6557300629807,291.83436690166354,781700,LMT,3303
2018-04-20,292.1580810546875,294.65644379646693,291.44427760283264,294.26633425203767,1185300,LMT,3303
2018-04-23,297.6445617675781,297.66115301440817,292.53995438599327,292.8221575629916,1986000,LMT,3303
2018-04-24,279.2928161621094,300.45828027345823,274.437229953622,298.8231434053757,3780500,LMT,3303
2018-04-25,273.490966796875,279.84060026194237,266.0706028792221,279.4504907376759,3030800,LMT,3303
2018-04-26,274.2380676269531,277.93994250851426,269.0338615043274,273.9060653410547,1847500,LMT,3303
2018-04-27,267.2908020019531,274.0969624452394,267.01690709810845,273.86455832586694,1580600,LMT,3303
2018-04-30,266.3030700683594,270.1377505865332,265.7718715245737,267.5564058151771,1451100,LMT,3303
2018-05-01,256.0274353027344,266.6350680631469,250.74022283459175,266.0125543440378,3880100,LMT,3303
2018-05-02,253.73655700683594,260.127681523947,253.32154793442052,255.04797453040544,2644800,LMT,3303
2018-05-03,257.24749755859375,257.720613943618,249.42043314028084,252.2840056494888,2889900,LMT,3303
2018-05-04,258.5008850097656,259.5467161071896,255.03141481469305,255.7369100609014,1675500,LMT,3303
2018-05-07,263.7050476074219,263.8793696488669,259.0403498648551,259.1565645591518,1816800,LMT,3303
2018-05-08,269.08355712890625,270.07958893381806,263.3647205321271,263.7050309766363,2949500,LMT,3303
2018-05-09,270.68548583984375,272.70242364764283,269.50687437880225,270.27047680959004,1700000,LMT,3303
2018-05-10,269.3325500488281,273.0925308176181,268.0543404842617,272.6443393064723,1261600,LMT,3303
2018-05-11,268.9591064453125,270.46972032865153,267.89668415530986,269.498613212944,844900,LMT,3303
2018-05-14,264.8421936035156,268.90930300912913,263.4809769400776,268.303380610013,1417200,LMT,3303
2018-05-15,265.4149169921875,265.89634174449077,263.11577564249205,263.73828930726137,1131200,LMT,3303
2018-05-16,265.0496520996094,267.0250991065007,264.64295136176963,265.688782207804,915800,LMT,3303
2018-05-17,265.9543762207031,266.8507845070676,263.4477056728315,264.77573952645275,961600,LMT,3303
2018-05-18,265.9793395996094,267.265857664383,265.4398075110156,266.2366432125641,1013900,LMT,3303
2018-05-21,269.1582946777344,269.3657992229506,266.56864200625836,267.68086332900026,1001500,LMT,3303
2018-05-22,263.22369384765625,268.5939129826815,263.1489952441574,268.31170981497013,1501700,LMT,3303
2018-05-23,270.0215148925781,270.1958116143847,260.73360962129595,262.1446253004463,1603400,LMT,3303
2018-05-24,270.8764343261719,273.183883821142,268.37807153361587,269.4737015951498,1211900,LMT,3303
2018-05-25,266.269775390625,271.598502318479,265.48955641162235,270.5858793029739,1020300,LMT,3303
2018-05-29,263.2818298339844,266.1785857597353,261.75457378477813,265.3319761645414,1159800,LMT,3303
2018-05-30,266.46905517578125,267.1081600832936,263.2485804446519,264.80071045585754,901400,LMT,3303
2018-05-31,262.7106018066406,267.504765499243,262.65213017894064,266.6361279227884,1452700,LMT,3303
2018-06-01,264.45611572265625,265.43331033817077,263.48725598739827,264.69833702870335,886900,LMT,3303
2018-06-04,265.7424011230469,266.64442900996994,264.11370921543113,264.85704299898924,857000,LMT,3303
2018-06-05,267.2875671386719,268.30653835729163,265.174457827387,265.6922910634347,873100,LMT,3303
2018-06-06,267.1957702636719,268.8411579900967,266.0264650114026,267.91404867258626,1083400,LMT,3303
2018-06-07,268.8995361328125,269.066565117096,266.3855115978132,267.6884549243208,1088200,LMT,3303
2018-06-08,269.2003479003906,269.44256936971647,265.6840711080188,268.7159304506866,1260300,LMT,3303
2018-06-11,266.6862487792969,269.4591906304246,266.5693310086275,269.0415798271442,911100,LMT,3303
2018-06-12,263.22833251953125,267.29585593360605,259.96261436950306,266.96177253099745,1743100,LMT,3303
2018-06-13,262.55181884765625,265.4333170183888,261.14865319118144,262.8190957790604,2014200,LMT,3303
2018-06-14,259.4114074707031,263.7629037590827,258.9269902814841,262.7105421441769,1396200,LMT,3303
2018-06-15,259.03558349609375,259.72880605972995,255.86172680596573,258.60125204467045,1786300,LMT,3303
2018-06-18,258.5177917480469,258.9187073095774,255.5778207636474,256.7304307002239,1259300,LMT,3303
2018-06-19,252.67108154296875,256.9390746781237,251.94444325399627,256.17902040778307,1821600,LMT,3303
2018-06-20,252.9551239013672,254.7174541907012,251.59373452193068,252.54587359944,1620800,LMT,3303
2018-06-21,250.8837890625,252.95512166349562,248.97948543539593,252.77973231978314,1517500,LMT,3303
2018-06-22,250.04856872558594,252.07815046345317,249.47226396215217,251.71901140477198,1364200,LMT,3303
2018-06-25,249.53909301757812,253.34770063138293,247.28401049013132,248.3530928819198,1944800,LMT,3303
2018-06-26,249.7979736328125,250.9255274785749,248.1275310432181,249.57247305923246,1670800,LMT,3303
2018-06-27,246.20663452148438,252.3371583129072,246.00618948393713,250.05701954398225,1523900,LMT,3303
2018-06-28,246.59085083007812,247.81862776993873,243.4838250326111,246.39040577506216,1424300,LMT,3303
2018-06-29,246.74951171875,250.54978530055567,246.60753832024128,248.46173129591753,1267800,LMT,3303
2018-07-02,249.83143615722656,249.98176990094902,244.15194049026712,245.69710527124363,977900,LMT,3303
2018-07-03,250.11537170410156,252.72961853853297,249.41378884737088,250.56639835804702,651000,LMT,3303
2018-07-05,249.88990783691406,253.20573801525774,248.2194649357623,250.80029615936945,986300,LMT,3303
2018-07-06,249.88990783691406,251.82762771959472,247.400938738181,249.2384361250223,1103500,LMT,3303
2018-07-09,255.97865295410156,256.8055139484531,250.86707679293468,251.40163070087368,1244400,LMT,3303
2018-07-10,257.9413757324219,259.678650262192,256.58832134205954,257.3400153934908,1525500,LMT,3303
2018-07-11,256.0621643066406,258.40079950821746,255.51927549716297,257.10619105138005,896200,LMT,3303
2018-07-12,261.68328857421875,262.6521487300526,257.9164308417269,258.4175689208053,1283300,LMT,3303
2018-07-13,265.90948486328125,266.85328930745027,261.8586551860219,261.99229369473903,1662500,LMT,3303
2018-07-16,266.4773254394531,270.0938476690588,265.2495492016434,266.7529627214327,1303400,LMT,3303
2018-07-17,265.18280029296875,268.0893800044799,264.0301906575603,267.1789917172644,868200,LMT,3303
2018-07-18,267.0787658691406,267.7552932348685,264.347600781163,265.35821164408753,860400,LMT,3303
2018-07-19,266.93682861328125,267.98919049741477,265.7508027254566,266.686246839771,759900,LMT,3303
2018-07-20,269.4006652832031,269.65124700857075,265.1326959593848,265.8927505284762,1563900,LMT,3303
2018-07-23,265.8760070800781,270.1941127713381,264.58978452432694,269.40064227550886,1585300,LMT,3303
2018-07-24,269.41741943359375,275.33077674708716,261.4243431440796,271.44700166717536,3253400,LMT,3303
2018-07-25,270.91241455078125,271.42191288438136,264.4895851149803,269.81827650144817,2104600,LMT,3303
2018-07-26,269.7263488769531,272.1735409891105,268.2480164604026,271.3049037639234,2011800,LMT,3303
2018-07-27,270.6868896484375,271.56388737674604,268.7658907007903,270.9458062329743,1009900,LMT,3303
2018-07-30,267.36273193359375,272.2738382445233,266.9534815706617,270.6952829239739,1270500,LMT,3303
2018-07-31,272.36572265625,272.64133452236405,268.4234763534177,268.4234763534177,986300,LMT,3303
2018-08-01,271.388427734375,272.34059216981484,269.4173178692547,271.93967680400925,1392200,LMT,3303
2018-08-02,268.95794677734375,269.90175089975406,267.47125392199575,269.3839177856002,820400,LMT,3303
2018-08-03,267.7301940917969,269.45910840715936,266.5274733062345,269.45910840715936,945400,LMT,3303
2018-08-06,264.6983337402344,266.1098342241162,261.9921995171228,266.1098342241162,1736700,LMT,3303
2018-08-07,265.10760498046875,265.800827468105,261.90869301799756,264.96560613947076,1088500,LMT,3303
2018-08-08,263.3537292480469,265.4167276869039,262.4349803602872,265.18286665083247,922600,LMT,3303
2018-08-09,263.6877746582031,264.3476067851856,261.1487196306901,262.9193851460923,1048200,LMT,3303
2018-08-10,261.5245056152344,263.0111986019825,260.0795889894388,263.0111986019825,1081900,LMT,3303
2018-08-13,261.95880126953125,263.3118555965967,260.5890262047943,261.01499719254804,790300,LMT,3303
2018-08-14,266.0931396484375,267.4461940189532,262.7856705772958,263.0028362625643,974500,LMT,3303
2018-08-15,265.3498229980469,266.3604336562073,262.62699334415066,265.90940700746086,1321400,LMT,3303
2018-08-16,272.1651916503906,272.7999679740142,267.1121131468137,267.2708072277196,1195200,LMT,3303
2018-08-17,271.63897705078125,273.46811336301204,271.21300611839365,272.1651449515279,1397400,LMT,3303
2018-08-20,270.7954406738281,272.25707789360166,270.4529968950953,271.66407792990833,877400,LMT,3303
2018-08-21,270.93743896484375,271.78935548094256,269.88505201224564,270.94577384503896,1167600,LMT,3303
2018-08-22,268.87451171875,271.0460671890238,268.7742637298234,270.6535120714398,690600,LMT,3303
2018-08-23,267.27923583984375,269.06659656529234,266.3270711112974,269.0081249439387,717700,LMT,3303
2018-08-24,268.34832763671875,268.4318548859893,266.2018022262599,267.2708847456851,773200,LMT,3303
2018-08-27,270.895751953125,271.4470012296795,268.9413366029439,268.99980822824637,737500,LMT,3303
2018-08-28,270.895751953125,271.4470012296795,269.191892870042,271.1630289639887,820000,LMT,3303
2018-08-29,270.8790283203125,271.3801662909468,269.10836291448237,270.9959460697301,966000,LMT,3303
2018-08-30,268.8159484863281,272.69136160251526,268.04753376671795,270.61166896966836,1409700,LMT,3303
2018-08-31,269.2866516113281,269.69007394448744,266.42914728431356,267.73182515964965,1055500,LMT,3303
2018-09-04,270.5473327636719,270.83308064761235,266.9250211535008,268.94208163610847,947400,LMT,3303
2018-09-05,270.059814453125,270.3455879362553,268.53022611948273,269.69004275089117,892700,LMT,3303
2018-09-06,276.4304504394531,276.95993428486946,270.0346580003791,270.25318165679005,1326600,LMT,3303
2018-09-07,276.1110534667969,278.0861019047053,274.73273870795316,275.6908314863191,1292000,LMT,3303
2018-09-10,271.42138671875,276.6573361664771,271.1776507892015,276.27073912700695,1424000,LMT,3303
2018-09-11,270.8162536621094,272.1777687092173,269.1941774032697,270.656567265393,798200,LMT,3303
2018-09-12,273.37957763671875,273.85022414625047,270.10185171379754,270.10185171379754,1326400,LMT,3303
2018-09-13,278.42236328125,278.90980964902536,274.4806777936178,274.5899396471681,1294800,LMT,3303
2018-09-14,282.2210998535156,282.8094209439293,276.92631263306004,278.4475143015766,1312000,LMT,3303
2018-09-17,285.1963195800781,285.4820675180859,282.38923914966267,282.8094612317306,1117300,LMT,3303
2018-09-18,288.4571838378906,289.8271116290037,285.31393156019107,285.7509531963922,1149100,LMT,3303
2018-09-19,285.1625671386719,290.60023947543544,282.8177474358687,288.45711807438505,1771200,LMT,3303
2018-09-20,279.9770202636719,286.00298736691485,276.5143962445091,285.6331900786249,2003900,LMT,3303
2018-09-21,283.7843322753906,283.9944432814304,280.76714130645706,280.76714130645706,1875700,LMT,3303
2018-09-24,283.717041015625,285.179430845255,280.9603860443216,283.0699084447883,1176800,LMT,3303
2018-09-25,288.7261657714844,290.2305422044919,283.6078644136627,284.47352078817147,1360500,LMT,3303
2018-09-26,288.17138671875,289.83544909984664,287.75957744638737,288.2722358753849,1159900,LMT,3303
2018-09-27,290.83563232421875,291.45757831733954,287.77642953938306,289.24720652109437,1170000,LMT,3303
2018-09-28,290.760009765625,292.4745227702898,289.70945472693865,290.55831140565846,1827500,LMT,3303
2018-10-01,292.4156799316406,292.75185240791797,289.8439232980607,291.7097100369634,809500,LMT,3303
2018-10-02,293.37384033203125,294.0545980294507,291.1046309084201,292.9956302119896,960500,LMT,3303
2018-10-03,292.00384521484375,295.28998410534933,291.8189465217,294.15537965416337,1237500,LMT,3303
2018-10-04,293.70159912109375,293.8696982067837,290.44908443471684,291.4828399502392,1203600,LMT,3303
2018-10-05,291.810546875,294.9117872105223,290.4994563191402,292.72662773465106,889000,LMT,3303
2018-10-08,294.09661865234375,294.5672653299167,291.0205899500002,291.54168687361056,825100,LMT,3303
2018-10-09,291.8945617675781,293.7015109790283,290.9280564357151,292.99554119797244,986100,LMT,3303
2018-10-10,283.01947021484375,291.8441307560638,283.01947021484375,291.5079583412986,1792500,LMT,3303
2018-10-11,274.2032775878906,284.0700822981216,273.15272254980584,281.32183955188566,1937900,LMT,3303
2018-10-12,275.34625244140625,278.581966891925,271.1272328979954,277.84237208628474,1294000,LMT,3303
2018-10-15,278.388671875,280.6915059546244,275.60680419170967,275.60680419170967,1003600,LMT,3303
2018-10-16,283.3388366699219,283.5657472739603,278.3045862617983,279.42236528684634,860300,LMT,3303
2018-10-17,280.20404052734375,283.3893306514041,280.13681628875025,282.1538768746742,1181700,LMT,3303
2018-10-18,275.6655578613281,280.1367248944291,273.17785147191086,278.48104963378086,1323000,LMT,3303
2018-10-19,275.783447265625,277.3802865511888,274.0353084900993,274.99342745043464,1101200,LMT,3303
2018-10-22,274.64031982421875,278.70806615860835,272.6988960202673,278.70806615860835,1407700,LMT,3303
2018-10-23,270.07666015625,281.3554032553288,265.2356949456682,273.33758668569396,2995700,LMT,3303
2018-10-24,261.4873046875,275.7580251475603,260.8905967229002,275.7580251475603,2396800,LMT,3303
2018-10-25,257.5205383300781,266.04263010524386,256.7137189921018,263.2355492505908,2352500,LMT,3303
2018-10-26,256.3774108886719,259.6719623834041,253.52831929974428,254.99068353220375,1909600,LMT,3303
2018-10-29,240.93011474609375,260.11744173135696,238.02215977400448,260.11744173135696,3262900,LMT,3303
2018-10-30,244.6279754638672,245.8298039051427,238.4507085950506,240.0391339908557,2870000,LMT,3303
2018-10-31,246.9644775390625,251.3768085928292,246.69552930018952,247.39308654343085,1980100,LMT,3303
2018-11-01,251.64572143554688,253.3434088640461,247.93936079391673,248.54448142210762,1526900,LMT,3303
2018-11-02,251.52801513671875,254.44435609877914,250.24213717064075,253.0072044068823,1597200,LMT,3303
2018-11-05,254.83091735839844,255.74699787859828,252.62895905226415,253.81398770178103,1650500,LMT,3303
2018-11-06,257.646484375,259.4954712462089,255.53696194216334,255.53696194216334,1123200,LMT,3303
2018-11-07,260.3863220214844,260.5039708243834,255.62940671142013,258.90713262519273,983000,LMT,3303
2018-11-08,259.327392578125,261.39487758868194,257.4784055616498,260.53763396194245,879000,LMT,3303
2018-11-09,263.1597595214844,264.0338282582302,258.1339219938923,258.17593392472327,1294300,LMT,3303
2018-11-12,256.436279296875,264.09273777617153,255.9992576330209,263.22708144793984,1117800,LMT,3303
2018-11-13,256.9573669433594,259.57954839098113,254.00742563894391,256.17576009807175,1121000,LMT,3303
2018-11-14,254.98233032226562,260.26870488191105,254.66295748243883,259.08367570438793,1192800,LMT,3303
2018-11-15,256.73883056640625,258.85674011577856,251.91466478703123,253.9569631059882,1233100,LMT,3303
2018-11-16,253.1753387451172,256.5455273445573,252.0239345852537,255.36049824364457,1319500,LMT,3303
2018-11-19,247.58641052246094,253.04929686755645,246.43500627345614,253.04929686755645,1558900,LMT,3303
2018-11-20,246.97286987304688,248.14109938370817,242.5185267818784,244.87175980205868,1281100,LMT,3303
2018-11-21,247.33425903320312,250.32623746518715,247.2838344477,247.93096706053274,1355600,LMT,3303
2018-11-23,248.25030517578125,250.4018393509611,245.3507636729789,246.30046931442752,434300,LMT,3303
2018-11-26,248.16636657714844,251.16675857785205,246.1829305425584,249.64555660180676,1375900,LMT,3303
2018-11-27,248.1747283935547,248.48568858542646,243.39259974174885,247.00649886374802,1477400,LMT,3303
2018-11-28,252.08279418945312,252.57865310859168,247.04012981382624,250.32626917640783,1282700,LMT,3303
2018-11-29,254.1670379638672,256.31857214736124,252.36847583093277,252.9735964230599,2788500,LMT,3303
2018-11-30,254.3448944091797,256.9693684773111,252.18606742199782,254.61581352868458,3666200,LMT,3303
2018-12-03,251.2632598876953,258.49322941746436,250.50977097137164,258.1630677502822,1764700,LMT,3303
2018-12-04,242.7464141845703,250.3573645885477,242.1537819290288,250.3573645885477,2208100,LMT,3303
2018-12-06,242.42465209960938,242.88182472347228,234.67824371899667,239.5038628864022,2793700,LMT,3303
2018-12-07,241.6204071044922,245.81110083333962,241.4595505234648,241.6204071044922,1407200,LMT,3303
2018-12-10,252.626220703125,253.0749190654899,244.82901768169467,245.4554953629651,2417900,LMT,3303
2018-12-11,247.33494567871094,256.73223975368245,245.79412273818403,256.2496700685293,1764500,LMT,3303
2018-12-12,247.6313018798828,251.27168333369633,247.21647480416758,250.5859371800071,1121500,LMT,3303
2018-12-13,247.40272521972656,249.97637891817618,246.36139456022076,248.28317345728118,1125300,LMT,3303
2018-12-14,243.5675506591797,246.56450492029722,242.65320548684093,245.5147260832679,1881600,LMT,3303
2018-12-17,236.39682006835938,242.79713275775586,235.2200302183774,242.29764039432166,1649100,LMT,3303
2018-12-18,236.60006713867188,240.29971695298488,235.39787988826126,238.3609894576901,1707900,LMT,3303
2018-12-19,231.9352569580078,240.2742983067934,229.86954440552907,236.83709358211837,1716900,LMT,3303
2018-12-20,224.59524536132812,231.81676561109512,221.31042263680072,230.26746814767677,2327700,LMT,3303
2018-12-21,217.19589233398438,222.35172503774143,216.13765197464255,220.77703072600607,3738600,LMT,3303
2018-12-24,207.60391235351562,215.5704467544211,207.42612010491314,214.21587728526762,1515400,LMT,3303
2018-12-26,213.0221710205078,213.25075737064128,204.18363660875727,208.52671267063212,1797600,LMT,3303
2018-12-27,219.93893432617188,219.93893432617188,210.12679869524777,211.01573416099686,2201400,LMT,3303
2018-12-28,221.18341064453125,224.20576238800325,220.23521983589205,222.66496524209546,1983800,LMT,3303
2018-12-31,221.67445373535156,224.4428353365753,219.98972258536136,221.93689851239733,1184900,LMT,3303
2019-01-02,224.1211395263672,224.60368342432554,217.39911209781846,218.72825868616061,1064700,LMT,3303
2019-01-03,218.49119567871094,223.50309462306214,217.89858933866452,222.08080840343644,1165600,LMT,3303
2019-01-04,224.3835906982422,224.7645464180306,220.4045476053557,221.74219436265136,1443800,LMT,3303
2019-01-07,226.95721435546875,228.5827027205475,223.3845503387564,225.19629230987272,1465200,LMT,3303
2019-01-08,228.4726104736328,230.0642272930307,226.72861140631576,229.539337881582,1791400,LMT,3303
2019-01-09,229.03990173339844,230.46218806895118,227.8461888258318,228.69279152598426,1235900,LMT,3303
2019-01-10,234.93226623535156,235.08464853166527,228.15944414568378,228.26103234322625,1842500,LMT,3303
2019-01-11,235.126953125,235.15235016995203,230.6399437721399,233.4845419880726,1157800,LMT,3303
2019-01-14,234.94076538085938,236.64241954221595,232.33321413222097,234.2296220865767,1388600,LMT,3303
2019-01-15,233.662353515625,235.63492650886914,231.5543209852084,235.55028690486822,1193500,LMT,3303
2019-01-16,230.60609436035156,233.3998726027572,229.11606551839603,233.15435061487568,1324900,LMT,3303
2019-01-17,236.03280639648438,237.04026560796882,229.29385659628102,229.57324993661524,1242000,LMT,3303
2019-01-18,239.478515625,241.59502249881837,236.81172213124194,238.04775491139753,2073500,LMT,3303
2019-01-22,236.7015838623047,240.95999329568855,235.35548902184718,238.2254838253516,1885100,LMT,3303
2019-01-23,240.02029418945312,241.89975286018793,237.4720122785051,238.8350299654016,1631000,LMT,3303
2019-01-24,241.49339294433594,244.02472646429965,239.24142691591473,240.93463212498983,1017500,LMT,3303
2019-01-25,243.00881958007812,244.92212390349752,242.23840810725326,243.96548465991842,1050400,LMT,3303
2019-01-28,243.71151733398438,244.16869003030047,239.49545238480968,241.28177169666586,1166400,LMT,3303
2019-01-29,247.25039672851562,247.93614309414605,237.89544387847974,237.98855780741246,2037300,LMT,3303
2019-01-30,246.92861938476562,248.89271800133588,242.78024551082302,248.85887249565053,1781800,LMT,3303
2019-01-31,245.2523651123047,247.91068444682892,243.64382497324348,245.65874375390337,1311100,LMT,3303
2019-02-01,246.0058135986328,247.69901908398344,244.8375235162038,246.23441287436498,1358900,LMT,3303
2019-02-04,252.93951416015625,253.1850362110724,245.60793066962407,246.27675412874922,1328900,LMT,3303
2019-02-05,253.52362060546875,256.5036784483487,251.63571324405487,253.9807932675037,1454800,LMT,3303
2019-02-06,253.83676147460938,256.24958324660685,253.142567209848,253.97222094575247,1114300,LMT,3303
2019-02-07,254.09095764160156,254.28565979264562,250.713020004114,252.956512743752,1150100,LMT,3303
2019-02-08,255.25071716308594,255.36077964923052,251.441004966622,253.32046401699478,1021600,LMT,3303
2019-02-11,254.0146942138672,256.30898041297183,252.96488924401075,255.48777471890824,1077900,LMT,3303
2019-02-12,257.46026611328125,257.6380712350276,254.70880807121515,255.2252490155028,840600,LMT,3303
2019-02-13,257.7227783203125,259.0180792822536,257.0962748192432,258.2137964669504,958500,LMT,3303
2019-02-14,254.8274383544922,257.3672467101848,254.7512472041734,256.82540852622907,888200,LMT,3303
2019-02-15,260.1017761230469,260.18641573031636,257.37571419330743,257.37571419330743,847700,LMT,3303
2019-02-19,258.3661804199219,259.55989321007957,257.16401917225323,259.0350037214134,929500,LMT,3303
2019-02-20,260.0763854980469,260.0763854980469,257.6127682970246,258.2138490393222,870600,LMT,3303
2019-02-21,257.7989501953125,260.0509160736601,256.75761976007277,259.95777635851215,1045000,LMT,3303
2019-02-22,260.01702880859375,260.2117308475274,257.28249344463734,258.9841727297124,581800,LMT,3303
2019-02-25,259.0350036621094,261.93884443665354,258.6794191951445,261.5070946707994,1088000,LMT,3303
2019-02-26,258.9588317871094,260.8213421805955,258.22229158961045,258.72178407025615,871600,LMT,3303
2019-02-27,260.3980712890625,260.7028617242349,257.46035861369796,258.230770242621,1121300,LMT,3303
2019-02-28,263.8344421386719,265.8297610395052,261.0290461954016,262.15461871045363,1839100,LMT,3303
2019-03-01,263.8855895996094,265.6677329857529,261.30190455354045,265.6677329857529,1424900,LMT,3303
2019-03-04,259.8096618652344,265.85531330247625,258.7779001786522,265.85531330247625,1070900,LMT,3303
2019-03-05,260.7221374511719,261.9670749206604,259.40896925814076,260.9353129230485,907600,LMT,3303
2019-03-06,258.6414794921875,262.9305678962064,258.6414794921875,261.3360199202282,879200,LMT,3303
2019-03-07,258.37713623046875,258.5391516263473,253.6105371123731,258.2833255169862,1255500,LMT,3303
2019-03-08,256.6206359863281,257.2516270375541,254.76172614863728,256.2966051149216,1054100,LMT,3303
2019-03-11,259.5623779296875,259.715857981831,254.6422987606776,255.48646506985605,1294400,LMT,3303
2019-03-12,257.44769287109375,260.3383379245667,256.48413584580635,259.7329270410917,1248800,LMT,3303
2019-03-13,258.7523193359375,259.6988056519432,256.76550997084803,258.4197532103862,1133400,LMT,3303
2019-03-14,254.54000854492188,259.61356836043575,254.3779931301052,258.72677727368307,1178400,LMT,3303
2019-03-15,252.5276641845703,255.154000626835,250.49822948529226,254.8384790628925,4516500,LMT,3303
2019-03-18,253.7981414794922,254.4120617099042,250.07181326508427,252.2888428458919,1793600,LMT,3303
2019-03-19,252.91136169433594,257.6353370013541,251.92222447344153,255.36714706726085,1504000,LMT,3303
2019-03-20,252.3826904296875,254.71054971054767,251.59819331669235,253.1756968655323,1321800,LMT,3303
2019-03-21,254.96640014648438,255.87026206699517,251.5470572445693,251.86255277990276,1145700,LMT,3303
2019-03-22,250.70278930664062,254.44613555357853,250.59193394232645,253.80660939550702,942800,LMT,3303
2019-03-25,250.79664611816406,252.2462495690056,249.4408533957949,251.04393692334386,779700,LMT,3303
2019-03-26,251.47877502441406,253.76400913703563,249.57724103011225,252.47642135443394,882300,LMT,3303
2019-03-27,250.65164184570312,254.0112881794444,249.71366489575732,252.07563892310458,835600,LMT,3303
2019-03-28,252.0586395263672,252.34855499525472,250.3958607245563,251.57259328923575,567100,LMT,3303
2019-03-29,255.947021484375,256.31367707900307,253.0307693535596,253.6788311653849,1212000,LMT,3303
2019-04-01,259.4686279296875,261.0205253683876,257.3794981918784,257.9934445049265,1153900,LMT,3303
2019-04-02,258.4538879394531,261.59182391930113,258.2577571823162,259.96316056558885,872600,LMT,3303
2019-04-03,253.48269653320312,259.56246553372307,252.51916519906692,258.8888237143268,1178300,LMT,3303
2019-04-04,255.52914428710938,257.5585525886519,254.01133621648134,254.24155632039285,789500,LMT,3303
2019-04-05,258.0104675292969,258.07869823746364,255.5632178272235,255.73376857524983,705200,LMT,3303
2019-04-08,260.63677978515625,260.80730449539175,256.381807036793,257.50735339598964,1121400,LMT,3303
2019-04-09,258.09576416015625,259.71589231027826,256.8252468566088,259.5282968809551,867100,LMT,3303
2019-04-10,255.0601806640625,257.8144170881337,253.53383702167537,257.71209702672604,1226200,LMT,3303
2019-04-11,260.5771484375,260.7817885490079,255.81054834273442,256.0066791311926,829500,LMT,3303
2019-04-12,264.0818176269531,264.1500223365336,260.9523898629544,261.77951183701623,891800,LMT,3303
2019-04-15,263.2375793457031,264.337572012283,262.23993275935936,264.30345665220426,864800,LMT,3303
2019-04-16,264.388671875,264.87471806153115,262.71738392500725,263.67240561071736,833900,LMT,3303
2019-04-17,264.7638244628906,266.4095321666755,264.1498783217914,265.37777060398986,1041400,LMT,3303
2019-04-18,267.9700622558594,268.2343977185149,263.88561355700614,265.2158262150122,1107100,LMT,3303
2019-04-22,268.82281494140625,269.67551685923354,267.12592042969965,267.9615776772335,1319000,LMT,3303
2019-04-23,284.034912109375,287.6333139522479,276.71871770722487,278.4241209309109,3425800,LMT,3303
2019-04-24,281.49395751953125,286.32025357547485,279.54979815621806,284.7171697803504,2089900,LMT,3303
2019-04-25,280.42803955078125,284.99853477521964,280.0784286866676,281.60477220989696,1506500,LMT,3303
2019-04-26,279.967529296875,282.03107879870805,278.90165220390935,281.05047707765766,873200,LMT,3303
2019-04-29,280.18927001953125,282.37218445754894,279.0125374194888,280.02725460228527,969100,LMT,3303
2019-04-30,284.2310485839844,284.6829794478616,280.07839543389946,280.9822571616539,990000,LMT,3303
2019-05-01,282.9690246582031,287.53949263836876,282.738778577169,285.01550324667113,1104300,LMT,3303
2019-05-02,283.56597900390625,283.69390509444816,279.8908362522308,283.10553875857494,962300,LMT,3303
2019-05-03,284.862060546875,286.2008084489475,282.41481085394446,284.4442190224887,806700,LMT,3303
2019-05-06,286.26904296875,286.959729329594,281.53655849298315,281.81793863087046,812800,LMT,3303
2019-05-07,282.1589660644531,285.4333372230378,280.4024027766039,285.4333372230378,1176400,LMT,3303
2019-05-08,284.955810546875,287.2581152443543,281.6899749133742,282.1589503780076,1083800,LMT,3303
2019-05-09,289.37286376953125,290.1999855375972,283.0458311301099,284.80239471632933,1496500,LMT,3303
2019-05-10,291.0697021484375,291.2999222169527,285.88526174487833,287.7100556958856,1204900,LMT,3303
2019-05-13,285.9706115722656,289.7054497905437,284.12026315423884,285.86829151517225,1504000,LMT,3303
2019-05-14,286.6528015136719,290.7031354304495,285.44195339817037,286.51636609062973,1171600,LMT,3303
2019-05-15,284.9302673339844,286.2604799017816,281.3318651256121,285.90235976096966,1127000,LMT,3303
2019-05-16,289.3984069824219,289.62009170202447,285.5271344526512,286.43953140519324,1092100,LMT,3303
2019-05-17,288.20458984375,290.7286051791341,286.89995750732214,286.89995750732214,1268400,LMT,3303
2019-05-20,291.632568359375,293.57672753857054,287.5651638761667,287.5651638761667,1388200,LMT,3303
2019-05-21,293.286865234375,294.0116411212132,289.4923309005041,292.9884143279357,1097800,LMT,3303
2019-05-22,291.027099609375,292.7239938030973,289.816277685501,292.7239938030973,1049300,LMT,3303
2019-05-23,289.9783935546875,291.14659120429985,286.57609466627616,289.67994263150734,1461200,LMT,3303
2019-05-24,288.8783264160156,291.2999965030149,287.59073831891027,290.4899453737749,1293100,LMT,3303
2019-05-28,288.119384765625,291.010029945432,287.4457431483688,289.03175579133745,3559400,LMT,3303
2019-05-29,289.3558349609375,290.2255814567444,285.8938676237996,287.1729203647834,1184400,LMT,3303
2019-05-30,291.5898742675781,292.8859975424545,289.70541074371204,289.91858617472286,859100,LMT,3303
2019-05-31,290.5428466796875,292.7742319092999,289.6416967378436,289.7275242833844,1024000,LMT,3303
2019-06-03,295.7179260253906,295.89814553451447,289.99356669206315,290.14804055702643,1345100,LMT,3303
2019-06-04,299.8202819824219,300.10348411615183,296.84224641266644,296.84224641266644,1573300,LMT,3303
2019-06-05,302.6952819824219,302.83257462324286,299.09932528661085,300.3694786458735,1750500,LMT,3303
2019-06-06,302.54083251953125,304.102805026683,300.5068477295416,303.2703274764664,1149800,LMT,3303
2019-06-07,304.8665771484375,305.65612767114146,302.4377913004832,303.33894119880057,1125800,LMT,3303
2019-06-10,301.75128173828125,307.78458977425106,301.0046317463581,307.2181593205075,1356200,LMT,3303
2019-06-11,295.2630920410156,302.56655304431666,292.5425132035628,302.1031314130301,1684300,LMT,3303
2019-06-12,296.524658203125,297.0653429221264,293.7869245431168,295.42613373262157,1131900,LMT,3303
2019-06-13,299.5885009765625,300.1291857070251,295.5720232515402,298.30116635770486,1203900,LMT,3303
2019-06-14,300.498291015625,302.4893489822255,299.0393010643293,299.5885503062175,1059400,LMT,3303
2019-06-17,299.2538146972656,302.4464056754396,297.59745040083766,301.4251180916359,904200,LMT,3303
2019-06-18,303.39910888671875,304.05136701299665,298.99644510703746,299.9404698381473,826400,LMT,3303
2019-06-19,305.2957458496094,305.9994689627328,303.11585160611776,303.6050451119021,816500,LMT,3303
2019-06-20,311.3633728027344,311.81823006032994,306.9950197689863,307.0465110667598,1048800,LMT,3303
2019-06-21,308.41107177734375,311.31187033871123,306.8748711307111,310.874194323335,1544700,LMT,3303
2019-06-24,308.9431457519531,311.4319873812051,308.7371544082922,309.337921025062,1766700,LMT,3303
2019-06-25,309.44091796875,311.3633293262479,308.7371687429194,308.96031512937554,1168900,LMT,3303
2019-06-26,308.5311584472656,310.6767158773579,306.38560101717337,310.3677681790502,977700,LMT,3303
2019-06-27,308.1793212890625,309.4065740022122,306.6087845836115,308.9002255301621,826500,LMT,3303
2019-06-28,311.9984130859375,312.17863259192313,306.96064800276264,308.514029618808,1369600,LMT,3303
2019-07-01,310.221923828125,314.7704960577648,309.86145858026106,313.60332514257124,1003900,LMT,3303
2019-07-02,315.45703125,315.45703125,309.8785818056296,310.31625772146157,1052800,LMT,3303
2019-07-03,317.86871337890625,317.9459503240895,313.55185172548505,315.7746466731817,742100,LMT,3303
2019-07-05,317.47393798828125,318.2548980530828,314.6847125854673,317.4396017267964,716900,LMT,3303
2019-07-08,316.8387756347656,317.47387849419675,314.7790455768564,316.28952650840455,646600,LMT,3303
2019-07-09,317.310791015625,317.7570575353687,314.1954374156209,315.6115000908355,651000,LMT,3303
2019-07-10,315.9634704589844,320.43480619571193,315.6888327369975,317.542598074067,818700,LMT,3303
2019-07-11,316.02349853515625,317.0104498525885,314.28987112747956,315.9634166329141,1358000,LMT,3303
2019-07-12,317.0705261230469,317.1220174123712,314.82195966203,316.855970353899,1148700,LMT,3303
2019-07-15,315.5600891113281,317.55117321235986,314.88208545286864,317.4052637450103,1010700,LMT,3303
2019-07-16,313.5518798828125,316.1866316323172,313.3888153647066,315.82616633153157,1027100,LMT,3303
2019-07-17,307.6472473144531,313.6548092411631,307.11515316291576,313.5518266558193,1867000,LMT,3303
2019-07-18,305.70758056640625,307.5699358363396,302.77247283186034,307.49269891605,1704900,LMT,3303
2019-07-19,306.351318359375,308.1879284124647,305.39870326538465,306.9349299875337,1463300,LMT,3303
2019-07-22,306.9263000488281,307.6472042361818,305.14977212773096,306.7632355812363,1144700,LMT,3303
2019-07-23,307.0722351074219,311.53500600031214,301.07326362089805,311.53500600031214,2343900,LMT,3303
2019-07-24,316.5984802246094,316.67571715676814,307.2438541493028,307.4155092369151,1900400,LMT,3303
2019-07-25,317.8172302246094,319.86837010829777,315.09665108372786,316.4784040920117,1143300,LMT,3303
2019-07-26,317.0791015625,318.15188044551826,315.6372930295372,317.20782979028405,791300,LMT,3303
2019-07-29,317.21649169921875,317.63701273479217,315.78327345627855,317.03627213981537,659200,LMT,3303
2019-07-30,314.1011047363281,318.117609270467,313.5346742739381,316.36682658588825,699400,LMT,3303
2019-07-31,310.8226318359375,316.4353913335258,308.35094543400754,314.03237743769785,1037100,LMT,3303
2019-08-01,311.61224365234375,315.25969207802285,308.2651785704873,310.4364821150794,1220300,LMT,3303
2019-08-02,310.5994873046875,312.65921725478415,308.5225761325207,312.50474340147656,836300,LMT,3303
2019-08-05,307.6128234863281,309.904290121473,303.7851567389684,305.9993602662087,1464600,LMT,3303
2019-08-06,314.77899169921875,314.8734098367242,307.9646998323955,310.05876578693426,1124900,LMT,3303
2019-08-07,316.94183349609375,318.34074157419474,310.69396932813396,312.4104158159349,1243000,LMT,3303
2019-08-08,323.6959228515625,324.7515201916138,317.5510441217715,317.5510441217715,1185800,LMT,3303
2019-08-09,323.5587158203125,325.57551925549905,320.4004347460977,322.7777296165591,872000,LMT,3303
2019-08-12,323.55010986328125,324.4512336451649,320.63215655096826,321.83366365711,706100,LMT,3303
2019-08-13,323.7388916015625,327.42067572435525,322.0739368323224,324.3997139042634,1054900,LMT,3303
2019-08-14,316.63275146484375,322.69180290280116,315.27674464745303,322.69180290280116,1469100,LMT,3303
2019-08-15,320.51202392578125,321.4646652821467,315.1138189396519,316.8130840869037,1066900,LMT,3303
2019-08-16,323.55010986328125,324.7001256785091,320.43475580853794,322.77771430868233,821400,LMT,3303
2019-08-19,326.5281677246094,327.5666104179136,324.85462208116934,325.91024599989686,799900,LMT,3303
2019-08-20,327.6266784667969,329.64350805179106,325.69567643261144,326.5538995589161,920600,LMT,3303
2019-08-21,328.6994323730469,329.79795684352484,325.51543215008854,329.5576554340731,791500,LMT,3303
2019-08-22,331.1711730957031,331.83199553195755,326.74273823425483,328.69948608550936,742600,LMT,3303
2019-08-23,323.455810546875,332.0723541126061,321.4990361680705,330.6562908250643,1392700,LMT,3303
2019-08-26,326.3994445800781,326.6054097612311,322.2628025859699,326.12480687794556,688100,LMT,3303
2019-08-27,326.1161804199219,328.0214367088487,323.76465755725087,327.626661424733,760300,LMT,3303
2019-08-28,326.957275390625,328.6994673422183,323.352727674484,325.30091099244305,820500,LMT,3303
2019-08-29,329.9266662597656,331.08527256429215,326.811312535263,330.01249379915424,1063500,LMT,3303
2019-08-30,331.5494689941406,332.09326580319527,329.3052666620239,330.80716158863976,760700,LMT,3303
2019-09-03,332.0500183105469,332.472959549632,327.820526894801,328.85630619612533,891700,LMT,3303
2019-09-04,335.83935546875,336.37453850755975,333.0945042106878,334.3115668647275,792200,LMT,3303
2019-09-05,332.4472351074219,339.5942239286391,332.3005121439207,337.04790879994204,941500,LMT,3303
2019-09-06,333.66424560546875,335.2956361162228,333.01687343611707,334.28572394171204,701100,LMT,3303
2019-09-09,328.1830749511719,335.1574441518725,328.0363520469927,334.86397200187963,1146900,LMT,3303
2019-09-10,329.14129638671875,329.14129638671875,319.7673332237786,325.66275081560514,1297600,LMT,3303
2019-09-11,329.33978271484375,333.00822491460497,328.05367846707594,329.0376967834698,1125300,LMT,3303
2019-09-12,333.7246398925781,335.3473901824917,330.8243991668171,331.87745884378415,855100,LMT,3303
2019-09-13,332.1968994140625,334.7087069041377,331.10933194677983,334.7087069041377,898600,LMT,3303
2019-09-16,338.9295349121094,340.6040729833716,333.94909464670707,335.6840340990831,1689900,LMT,3303
2019-09-17,340.06884765625,345.23054370758916,335.2782788996938,338.76546355902076,975800,LMT,3303
2019-09-18,342.71014404296875,342.8741470720375,337.97136265517855,340.7593878077108,780300,LMT,3303
2019-09-19,339.5942077636719,343.97045043117726,339.24894783708856,342.79656141246517,1044400,LMT,3303
2019-09-20,335.1228942871094,341.3290357632084,334.950251222813,340.50902072025053,2106700,LMT,3303
2019-09-23,334.622314453125,336.68525972532484,333.2757563305484,334.96757428435427,1132200,LMT,3303
2019-09-24,335.9170837402344,339.21434566835654,334.22526565969326,336.6334972851613,1162400,LMT,3303
2019-09-25,337.004638671875,337.4103262331017,334.6568348510468,337.13410782085424,1336400,LMT,3303
2019-09-26,339.15399169921875,340.6386329997217,335.7099536794132,337.7124980087693,875400,LMT,3303
2019-09-27,334.7950439453125,341.7694160564004,333.5520870609928,341.7607759966781,751800,LMT,3303
2019-09-30,336.6852111816406,339.93071107885663,335.2696381752085,335.390467244981,1293200,LMT,3303
2019-10-01,331.61859130859375,338.77421987293275,331.3596529481942,337.8678829282464,1240000,LMT,3303
2019-10-02,326.4136962890625,330.64318937150495,322.88336307155896,330.36697091231764,1759000,LMT,3303
2019-10-03,328.0535888671875,329.0289668591503,323.1076574869097,327.02642322446854,849800,LMT,3303
2019-10-04,332.2745361328125,332.524834383154,327.561648197473,328.1831264778673,762200,LMT,3303
2019-10-07,331.2646179199219,333.767784768493,330.32377363008413,332.32631764559625,850100,LMT,3303
2019-10-08,329.831787109375,333.0082201050629,327.38904781137086,328.91683658715664,1001300,LMT,3303
2019-10-09,331.9810791015625,333.46572038247746,330.1598179784018,332.1709759982484,712000,LMT,3303
2019-10-10,333.9404602050781,335.34741991825274,330.764027119388,331.4459068305997,690200,LMT,3303
2019-10-11,329.27069091796875,337.26358630601374,329.08079406182827,336.4522112244714,1327000,LMT,3303
2019-10-14,330.25469970703125,332.63703741705575,329.2016663999112,330.39280891328576,622300,LMT,3303
2019-10-15,330.37554931640625,332.9218900176161,329.7886049564001,331.1869244253242,835300,LMT,3303
2019-10-16,330.4532165527344,331.7911345898659,328.20037447032524,330.0648091290273,851300,LMT,3303
2019-10-17,325.46417236328125,331.63578128756177,324.7995464716827,331.066090662632,1004600,LMT,3303
2019-10-18,321.5108642578125,326.0251884925726,317.6438857311401,325.1706658162608,1935600,LMT,3303
2019-10-21,322.865966796875,324.4542091949791,321.72661216050653,322.83145925812295,1160000,LMT,3303
2019-10-22,322.54669189453125,325.84398034879615,313.32811885195497,313.32811885195497,2567200,LMT,3303
2019-10-23,322.0373840332031,323.6773879735627,318.274007124623,322.6329684321098,1279700,LMT,3303
2019-10-24,323.46160888671875,325.8094126812169,321.09655131976274,322.615726228449,1126900,LMT,3303
2019-10-25,320.0003662109375,323.5911267532852,318.9732003334603,323.15090527961235,1173500,LMT,3303
2019-10-28,320.9584655761719,324.0744971098322,319.4738244455164,320.57005810519877,1321700,LMT,3303
2019-10-29,320.31976318359375,323.9018840142909,319.4048126005716,320.79449225042237,1298500,LMT,3303
2019-10-30,326.82806396484375,327.13014995354496,320.63917341833314,322.14970872842053,1064900,LMT,3303
2019-10-31,325.1361083984375,328.15717774515485,323.9104321576559,326.2064480221572,911800,LMT,3303
2019-11-01,327.2854309082031,328.8218595467228,325.3605684962405,326.37045416057373,915600,LMT,3303
2019-11-04,323.2371826171875,328.6750971786572,321.25189257003393,327.94140360344034,1117500,LMT,3303
2019-11-05,322.5035400390625,324.3506948414345,320.50099590395814,322.87469374277487,1364200,LMT,3303
2019-11-06,327.82061767578125,327.94144677399515,322.848791359391,323.2458388844353,1505800,LMT,3303
2019-11-07,326.92291259765625,330.3669237624301,326.1978590020006,328.29533829746566,1157200,LMT,3303
2019-11-08,329.6073913574219,330.4878344248446,325.9303351036938,325.9303351036938,783500,LMT,3303
2019-11-11,329.1930236816406,330.94524306302145,327.4062704135659,327.57891350539785,580500,LMT,3303
2019-11-12,333.43975830078125,334.4755641328149,329.34837531335774,329.34837531335774,910700,LMT,3303
2019-11-13,334.63958740234375,337.0823265313732,332.395358858288,333.1290525052191,956100,LMT,3303
2019-11-14,336.7715759277344,338.6187304834176,334.2856630356884,334.2856630356884,915600,LMT,3303
2019-11-15,339.69775390625,340.5091291518772,336.87522066346713,338.59290643117237,1533600,LMT,3303
2019-11-18,339.015869140625,341.53629005810365,338.316709298735,339.22301980736535,827700,LMT,3303
2019-11-19,337.33270263671875,341.65715734625127,337.09101806993374,340.08619449132766,800300,LMT,3303
2019-11-20,338.9640197753906,339.68907331864824,336.8492605179953,337.5484202326236,907700,LMT,3303
2019-11-21,336.8579406738281,338.57562630786265,336.0465654913424,337.3758173080619,1416900,LMT,3303
2019-11-22,337.272216796875,337.8332936781316,334.75179622633993,336.79748780372915,758600,LMT,3303
2019-11-25,336.6162109375,339.3092744405111,334.4669178274293,338.01453034547603,801400,LMT,3303
2019-11-26,338.7914123535156,341.76933466754616,336.6162514947711,337.15140823720225,1206600,LMT,3303
2019-11-27,340.2933044433594,340.50048143412727,338.0318220515727,339.76678776294386,770300,LMT,3303
2019-11-29,339.5898742675781,340.60597204538556,338.7301175730354,340.4322715097495,401500,LMT,3303
2019-12-02,333.15460205078125,340.02404096380053,332.9982874972251,339.311905993632,1283400,LMT,3303
2019-12-03,331.417724609375,334.04045930391163,330.13243619237574,331.2527170688719,1384300,LMT,3303
2019-12-04,333.9883728027344,336.91507054405685,331.9909491008761,333.0765112220994,1081100,LMT,3303
2019-12-05,335.16943359375,335.6557632391364,332.62488268075015,335.2736433030502,1203700,LMT,3303
2019-12-06,335.9684753417969,337.74012034638116,334.4400217229452,336.23771916128874,709600,LMT,3303
2019-12-09,332.9114990234375,336.4547885794375,332.8159822795311,335.4126383563831,821600,LMT,3303
2019-12-10,333.8667907714844,335.89026682622074,332.83333355163353,333.0504459675185,862100,LMT,3303
2019-12-11,335.429931640625,335.75125372017004,333.5106656364668,334.7959804576229,578900,LMT,3303
2019-12-12,333.528076171875,336.77609587214965,333.0070275863047,335.22156358391834,736100,LMT,3303
2019-12-13,335.6296691894531,336.76733587985876,333.484597929113,333.484597929113,658000,LMT,3303
2019-12-16,335.1781311035156,337.2624048266422,333.5280556740196,336.8715919085029,847500,LMT,3303
2019-12-17,335.9945068359375,336.9584732519026,334.3531242319137,334.3531242319137,730000,LMT,3303
2019-12-18,330.50592041015625,336.64586636760737,329.71562797477304,336.43742041018794,1526000,LMT,3303
2019-12-19,332.74639892578125,334.07512551401504,330.21054139281256,330.8705449477499,766300,LMT,3303
2019-12-20,335.6296691894531,335.7773172613035,332.61614845533927,334.37909982698096,1599600,LMT,3303
2019-12-23,340.34539794921875,342.7683797897185,336.6023822383606,336.6631800719704,1050400,LMT,3303
2019-12-24,338.843017578125,340.7362314878012,338.28719707089135,340.7362314878012,516300,LMT,3303
2019-12-26,340.6927490234375,340.8230376587626,339.11219097932025,339.47692494989457,711600,LMT,3303
2019-12-27,341.82177734375,342.6033767048382,340.3801477873975,342.1604589155972,728800,LMT,3303
2019-12-30,340.34539794921875,341.96072801054487,339.450895908171,341.86518477158967,776900,LMT,3303
2019-12-31,338.1568908691406,340.4148650054095,336.15077452383815,340.2151120673359,775400,LMT,3303
2020-01-02,346.8326721191406,346.8326721191406,339.5203421804078,341.17905740061155,1258400,LMT,3303
2020-01-03,359.3123474121094,362.29114983482367,349.98520671171354,350.87101580797565,2990100,LMT,3303
2020-01-06,358.76519775390625,363.0032359977224,354.05821581317633,363.0032359977224,2477800,LMT,3303
2020-01-07,359.9723205566406,361.3792045171338,354.57925654042504,357.14985965963444,1059900,LMT,3303
2020-01-08,356.9588317871094,363.1682410179535,355.8211649512377,362.1955817234353,1708100,LMT,3303
2020-01-09,360.3458251953125,361.2750727286715,356.06437456431564,356.4899064334507,1064300,LMT,3303
2020-01-10,359.3904113769531,360.9275838103724,358.218025863768,360.40650885841626,987800,LMT,3303
2020-01-13,363.8977355957031,365.5825299109806,360.1113081262197,360.35447294992065,986800,LMT,3303
2020-01-14,361.3966979980469,363.2464737353465,360.4674503886021,362.655934255749,967200,LMT,3303
2020-01-15,365.5738525390625,366.0341297453101,361.3966122796329,361.6397770960849,833000,LMT,3303
2020-01-16,369.6990051269531,369.73372402879033,365.3307047013673,367.46708329541093,1085200,LMT,3303
2020-01-17,369.6642150878906,371.2969043783741,368.6568104936992,370.489226206056,1195600,LMT,3303
2020-01-21,370.08978271484375,371.5053597688018,367.3628648188879,368.5873819053857,1071400,LMT,3303
2020-01-22,368.5873718261719,372.1306343495673,368.53524047012843,371.26218479449244,918700,LMT,3303
2020-01-23,372.373779296875,373.05116885357216,368.22259170522284,368.27469655550914,978400,LMT,3303
2020-01-24,375.6044921875,376.4903013332042,373.16415067063593,373.34651768531415,1086700,LMT,3303
2020-01-27,375.5002746582031,377.29797184588716,369.8379658161817,369.8379658161817,1737900,LMT,3303
2020-01-28,379.66009521484375,381.240653227687,370.1939740725455,377.5757951266092,2063200,LMT,3303
2020-01-29,376.7681884765625,380.37224918042955,374.3191541320918,380.13777731880225,1268500,LMT,3303
2020-01-30,378.5570983886719,379.5123980550802,373.72852171443316,373.72852171443316,1210200,LMT,3303
2020-01-31,371.8005676269531,378.2705265146331,370.0463093104785,377.7147061551717,1650100,LMT,3303
2020-02-03,368.1011047363281,373.4333990157998,366.52054630601714,373.0165335874523,1795800,LMT,3303
2020-02-04,374.1106262207031,375.1614425591211,369.49046911684025,369.49046911684025,1216300,LMT,3303
2020-02-05,377.9405517578125,378.57452945356454,372.58220651516183,376.3165553828741,1251800,LMT,3303
2020-02-06,381.2232971191406,381.9962034312039,377.69739409324205,378.26188099584596,833500,LMT,3303
2020-02-07,381.3970642089844,383.1686825046123,379.7643745419308,380.5025620832665,883800,LMT,3303
2020-02-10,381.9093933105469,383.4378465394318,380.22459901601036,381.2493631530648,870400,LMT,3303
2020-02-11,381.987548828125,384.3149873160037,379.9206346101664,383.2988896573599,744600,LMT,3303
2020-02-12,379.16510009765625,381.8486061773147,377.428200900235,381.2580668109063,1419200,LMT,3303
2020-02-13,377.5150451660156,381.5012255804421,377.16764412966506,378.4703185070454,800200,LMT,3303
2020-02-14,380.250732421875,380.78916703218033,377.17641285302244,377.75828585308415,948600,LMT,3303
2020-02-18,378.2532653808594,381.2060156346491,376.91587189266477,379.51252807750393,776100,LMT,3303
2020-02-19,377.32403564453125,380.6154409292877,377.2545448267791,379.51251935005314,787200,LMT,3303
2020-02-20,369.9335021972656,377.7669085781052,368.36161043516904,376.5858297636376,1190600,LMT,3303
2020-02-21,371.522705078125,372.32169032154087,367.0588881944283,369.1952666561827,1055500,LMT,3303
2020-02-24,364.18438720703125,368.3963735550729,363.098825081401,364.4449115159899,1117800,LMT,3303
2020-02-25,347.69244384765625,366.2512327124179,345.23474331971,364.8356557268932,1600100,LMT,3303
2020-02-26,348.1614685058594,356.51595011726096,346.806689136604,347.6490863792931,1678000,LMT,3303
2020-02-27,334.0057373046875,346.52009981468353,333.77123893965745,341.7522932624897,1894100,LMT,3303
2020-02-28,323.23046875,326.6823959517251,314.90217498926097,323.2217211865919,3363800,LMT,3303
2020-03-02,333.2629089355469,334.7922391605447,315.1032059592061,324.5238790784165,2859900,LMT,3303
2020-03-03,329.81103515625,346.8521461513681,329.1031757561592,336.3128765617861,2531400,LMT,3303
2020-03-04,351.3351745605469,352.14789784009747,334.87084746507907,336.8196604927946,2025800,LMT,3303
2020-03-05,336.1905212402344,347.6823412612481,334.02323202859156,344.2479086014691,1967200,LMT,3303
2020-03-06,334.2416687011719,336.4089576593175,321.99827960493775,325.1705516407896,2161000,LMT,3303
2020-03-09,307.6401062011719,322.880978347942,306.97593131317495,314.58764649078523,3086700,LMT,3303
2020-03-10,320.8709411621094,321.3078926143353,306.39036363468676,317.2355018792618,2505600,LMT,3303
2020-03-11,311.9222106933594,319.75240125991877,305.6825567552938,311.6076183952036,1950800,LMT,3303
2020-03-12,272.1158752441406,296.6201187646139,270.97978553105514,281.3967192966981,3892600,LMT,3303
2020-03-13,287.15576171875,287.6538927915018,264.879984478019,286.05463548833046,3877800,LMT,3303
2020-03-16,251.63162231445312,272.2732061166441,249.0623454593206,257.8101226884338,2351500,LMT,3303
2020-03-17,278.6264343261719,279.1857449522765,250.94119839955843,256.05353541318954,2626200,LMT,3303
2020-03-18,291.36798095703125,296.45410244284994,258.7102325209532,259.4792713713809,3589400,LMT,3303
2020-03-19,274.5802917480469,291.97095348449716,271.96730403796676,291.36795837212475,2836700,LMT,3303
2020-03-20,254.498046875,276.0135356639988,251.86759016455693,274.5803485324137,3040100,LMT,3303
2020-03-23,241.89630126953125,250.86255315806187,232.55427755140695,249.06231539786083,3172100,LMT,3303
2020-03-24,252.47938537597656,257.7927052797593,244.90263263744575,251.65791420623563,3088400,LMT,3303
2020-03-25,279.3605651855469,288.23067471239096,256.58662998265567,262.71269813988647,2950100,LMT,3303
2020-03-26,306.1543884277344,307.7012136150302,283.1532845784439,284.8923427993609,2680900,LMT,3303
2020-03-27,304.4503173828125,319.0532283727067,292.7662390781359,297.11825874924523,3562800,LMT,3303
2020-03-30,304.8611145019531,311.5289997005543,299.1195644944895,307.16820491422175,1756300,LMT,3303
2020-03-31,296.20947265625,303.17448157683435,293.8411760033588,301.3305321288765,2169300,LMT,3303
2020-04-01,295.8336486816406,297.99219026583995,281.40552756879663,283.86991388269433,2082300,LMT,3303
2020-04-02,309.32666015625,309.3616237393587,292.3642018237725,292.9759445158757,1896200,LMT,3303
2020-04-03,306.3030090332031,310.96964796764587,305.5252225427608,307.6138635654422,2113200,LMT,3303
2020-04-06,321.55255126953125,323.3003568985666,316.2741708024133,316.2741708024133,2525400,LMT,3303
2020-04-07,310.480224609375,333.74351579233604,309.405314429744,332.5200570529595,2101500,LMT,3303
2020-04-08,315.83721923828125,325.65987833437373,313.3728069019101,315.80225565828664,1447700,LMT,3303
2020-04-09,324.21807861328125,328.8759708113798,317.6812732494173,323.116952076233,1629400,LMT,3303
2020-04-13,323.2916259765625,326.8309218897734,319.5950072798987,324.174276398864,1237200,LMT,3303
2020-04-14,332.10931396484375,337.8333672221874,327.32031653033806,330.58873147161955,1653400,LMT,3303
2020-04-15,327.1717834472656,329.2429291258236,321.03696780562194,329.2429291258236,1251500,LMT,3303
2020-04-16,330.23046875,333.21920206466194,325.5288663593696,326.4988858846572,1568400,LMT,3303
2020-04-17,350.8807678222656,351.7022386956517,336.30404693604027,338.56747895422995,1768400,LMT,3303
2020-04-20,334.8883056640625,349.5349260509979,334.8883056640625,344.38762543270764,1487200,LMT,3303
2020-04-21,326.3503112792969,343.0418625233198,324.22673356677785,334.71356869356913,2042000,LMT,3303
2020-04-22,332.4327087402344,335.526332947474,328.0020139579902,335.1330659144827,1188400,LMT,3303
2020-04-23,329.2255554199219,336.33911345469386,328.7536402341156,334.48644297559866,1164400,LMT,3303
2020-04-24,333.6298828125,335.63112781464326,325.9482959314471,330.9644897768225,1029200,LMT,3303
2020-04-27,330.83349609375,335.6137470182044,330.33536493644243,335.50013535045997,1457400,LMT,3303
2020-04-28,336.21673583984375,338.92581400615336,332.45021576278225,333.7086116406846,1313900,LMT,3303
2020-04-29,338.9957580566406,343.8896207986716,331.64622971300133,339.21423383379016,1500400,LMT,3303
2020-04-30,340.0007629394531,342.08065673741163,332.46772193094716,334.7923075481121,1343300,LMT,3303
2020-05-01,335.1155090332031,338.55868821160254,333.0356160943389,337.0118898508138,911600,LMT,3303
2020-05-04,332.22296142578125,334.6786266759978,326.9533275017654,333.8484081738666,1077900,LMT,3303
2020-05-05,341.08428955078125,343.2515783332717,333.47260279606746,334.1892095712538,1270900,LMT,3303
2020-05-06,330.8421936035156,341.5999643164272,330.69364502496984,341.5999643164272,1089800,LMT,3303
2020-05-07,329.0594482421875,335.6923689157646,328.587533147362,334.7136018075366,1462000,LMT,3303
2020-05-08,330.6849365234375,333.07070165103727,328.80605014222044,330.361596634921,1130400,LMT,3303
2020-05-11,329.076904296875,331.646181193826,326.9620740183305,327.7136177804605,1287800,LMT,3303
2020-05-12,324.3140869140625,334.2154215379004,324.24418641778476,330.3352905941944,1447700,LMT,3303
2020-05-13,318.25799560546875,325.4939115484425,316.3616409858472,324.46271238490795,1287400,LMT,3303
2020-05-14,311.3542175292969,315.950956696199,307.84113641860694,315.4702939553944,1776400,LMT,3303
2020-05-15,314.9546203613281,315.92466651166364,307.8934962034751,308.0770083570082,1854500,LMT,3303
2020-05-18,329.933349609375,332.51134748525254,319.8659698734907,324.4015286254587,1879700,LMT,3303
2020-05-19,324.6374816894531,334.2329191368413,324.42772684353184,330.3964990045308,1087100,LMT,3303
2020-05-20,316.7986145019531,326.83975237079255,316.4490319339465,325.4764656976647,1880500,LMT,3303
2020-05-21,322.31298828125,323.37040369781164,316.8773092488067,316.95595733736985,1179100,LMT,3303
2020-05-22,322.47015380859375,323.4838843217074,319.5163578887175,323.22169746331326,752600,LMT,3303
2020-05-26,325.26666259765625,329.4177012775784,323.84219663617904,329.4177012775784,1596100,LMT,3303
2020-05-27,347.0443420410156,347.0443420410156,329.0943676286576,329.2691588898452,1986900,LMT,3303
2020-05-28,348.19793701171875,353.28405921648925,347.95324522193965,350.83711464929354,1487900,LMT,3303
2020-05-29,341.5158996582031,348.3736378718171,338.2892290535981,348.19781425385935,1733800,LMT,3303
2020-06-01,341.9731140136719,346.404282911827,340.52244154534554,341.95553969908525,1090300,LMT,3303
2020-06-02,342.68524169921875,345.72728828927245,340.2410705714784,341.6917697814753,1404700,LMT,3303
2020-06-03,353.9918212890625,354.8446452083063,345.1646577208404,346.0966063132901,1382200,LMT,3303
2020-06-04,354.90625,355.96127263558327,350.80037912043423,353.24455111474924,1261700,LMT,3303
2020-06-05,361.13092041015625,365.74671428027995,357.35037616322444,360.4715212858528,1702500,LMT,3303
2020-06-08,364.2520751953125,367.1710218357711,362.0101288456164,364.86752512672933,1294600,LMT,3303
2020-06-09,359.2054748535156,362.1771712168233,357.8339268136843,360.9374976363951,1188400,LMT,3303
2020-06-10,354.99407958984375,359.6802240842112,354.7127563735221,357.39430190386247,1188200,LMT,3303
2020-06-11,337.50689697265625,349.3145324230938,337.23434744483694,345.2526375700217,1698800,LMT,3303
2020-06-12,335.7396240234375,346.78235823135424,330.99195611625316,345.81523423538675,1788100,LMT,3303
2020-06-15,328.1874084472656,331.58990435480627,323.14958841370617,328.1874084472656,2271300,LMT,3303
2020-06-16,336.53094482421875,344.46133587448486,333.72629825732275,339.86311608404253,2038600,LMT,3303
2020-06-17,335.95062255859375,339.58171770067526,331.38760571602813,336.2935229510789,1519000,LMT,3303
2020-06-18,332.6800537109375,335.25609980892244,330.64030601318717,333.8142008681276,1562000,LMT,3303
2020-06-19,327.23779296875,337.25185300821687,327.0619424823204,337.0320533156884,4322200,LMT,3303
2020-06-22,330.54364013671875,331.3173395300429,325.6904714390814,327.2906200179087,1370600,LMT,3303
2020-06-23,326.7982177734375,333.0229337209515,326.21794332248817,332.55695941154033,1469300,LMT,3303
2020-06-24,316.35333251953125,326.38499448688793,315.03453426173536,326.094843844802,2302800,LMT,3303
2020-06-25,318.9908752441406,319.42167401644946,310.64726142836383,314.63003042205804,1391600,LMT,3303
2020-06-26,313.6629943847656,323.0352574671846,312.1243963772873,316.124740464323,2008600,LMT,3303
2020-06-29,323.1055603027344,323.1055603027344,316.0631693004143,316.85446968841916,1073000,LMT,3303
2020-06-30,320.8372802734375,322.8858019423302,318.63048240806813,321.21532936792073,1482100,LMT,3303
2020-07-01,316.8808898925781,323.80018117295714,316.78416405822713,322.0857325284749,1430100,LMT,3303
2020-07-02,318.26995849609375,321.84830397166803,317.1182102402826,319.61513155682826,1396000,LMT,3303
2020-07-06,318.7886047363281,322.7713731659446,317.250007246262,322.20870003598895,1202300,LMT,3303
2020-07-07,310.5945739746094,319.0788645029348,310.16377511586023,318.78871385155753,1395900,LMT,3303
2020-07-08,307.92181396484375,314.1377292625055,306.51509047943523,310.79678446180174,1965100,LMT,3303
2020-07-09,298.8924560546875,307.2712206532818,298.2066819732556,305.9612228540005,1823800,LMT,3303
2020-07-10,307.06011962890625,307.13044371322576,300.38700528818856,300.97605334127917,1514200,LMT,3303
2020-07-13,310.40997314453125,313.89159340659273,306.48875341596124,310.88474808104667,2031300,LMT,3303
2020-07-14,312.6958923339844,312.9244926400084,306.8404242840841,306.9547244370961,1651900,LMT,3303
2020-07-15,320.5207214355469,321.4174945777123,317.0039261362049,317.95347589239776,1617300,LMT,3303
2020-07-16,321.6812744140625,321.73402419774186,315.64995644687093,318.53372755575873,955400,LMT,3303
2020-07-17,323.98480224609375,324.42440170640054,319.0173337108315,322.05055388833523,1135500,LMT,3303
2020-07-20,321.37353515625,324.42435605472076,318.648013519668,324.42435605472076,1444500,LMT,3303
2020-07-21,329.8050842285156,333.12845496859103,325.8135137442806,332.31960701294395,1997300,LMT,3303
2020-07-22,346.47467041015625,346.9934213420668,330.24466717958205,331.20299070472174,2280700,LMT,3303
2020-07-23,340.7950744628906,346.5362422258185,339.1158013385613,346.20214234973963,1442800,LMT,3303
2020-07-24,339.55535888671875,345.9559250369773,337.2694366549797,341.12913224144546,1305700,LMT,3303
2020-07-27,335.93304443359375,339.36191416448264,334.1922212635965,338.2541419935901,1047000,LMT,3303
2020-07-28,339.95098876953125,343.0721335709318,335.8539194124739,335.8539194124739,1132100,LMT,3303
2020-07-29,340.51373291015625,343.30080530797454,338.166286805847,342.50073106652525,1209600,LMT,3303
2020-07-30,335.6077575683594,339.23005222949877,334.8516326695003,336.47815576994867,983300,LMT,3303
2020-07-31,333.19000244140625,335.30007439869365,328.5390328281911,334.57912487372244,1101800,LMT,3303
2020-08-03,331.5458984375,332.69764680791945,326.5696296256706,331.31729814592904,923100,LMT,3303
2020-08-04,332.328369140625,334.83409126261796,330.8337471743804,333.2866926801342,900600,LMT,3303
2020-08-05,337.1727600097656,338.377258144999,332.57454035098687,334.09556402532183,1018500,LMT,3303
2020-08-06,333.8669738769531,336.900220743287,332.4163010921493,335.6605471036123,698500,LMT,3303
2020-08-07,339.0366516113281,339.95102591551927,333.0053604616311,334.104359009114,924900,LMT,3303
2020-08-10,342.2369689941406,343.8634654781376,339.3355965544011,339.3883463413945,856000,LMT,3303
2020-08-11,344.6107482910156,351.23111406949926,344.0568487634464,344.2151249363359,1312800,LMT,3303
2020-08-12,345.0328063964844,348.6199259773914,344.0217330630464,346.42192880425665,878500,LMT,3303
2020-08-13,342.2193908691406,346.4483356740998,340.24999380616396,343.1953156562203,1053600,LMT,3303
2020-08-14,344.13604736328125,346.58021924709476,341.1467496200524,341.69187547946774,648600,LMT,3303
2020-08-17,341.9731140136719,347.45053149654444,340.89171679978125,346.38670859724044,864100,LMT,3303
2020-08-18,343.1161193847656,344.5667919840675,341.4280459465302,342.15779594848726,806100,LMT,3303
2020-08-19,342.9315185546875,344.6195922401758,341.8676954035165,342.95789344831917,717400,LMT,3303
2020-08-20,341.0236511230469,342.1842000339149,337.2430800038893,341.37532529363796,1203700,LMT,3303
2020-08-21,342.5094909667969,343.5821146011264,340.12684284473335,340.87416720841696,996000,LMT,3303
2020-08-24,347.3187561035156,347.7847304675802,342.7996606817005,343.6173092548854,1006400,LMT,3303
2020-08-25,347.142822265625,353.77198818211735,344.9975752245428,347.91652143860756,987400,LMT,3303
2020-08-26,347.6703186035156,349.6221406926742,343.3798248701571,345.52507173683637,908600,LMT,3303
2020-08-27,347.3011169433594,351.758661512202,347.17804305759677,348.90126527540843,700300,LMT,3303
2020-08-28,347.8023376464844,348.1628124649716,344.40864230286417,347.7320135304252,728300,LMT,3303
2020-08-31,345.2104797363281,349.4033108279299,343.62710021226235,346.9000027824914,1030400,LMT,3303
2020-09-01,342.1587219238281,344.2639917824549,340.5576607949987,343.0521415684031,908400,LMT,3303
2020-09-02,352.11895751953125,352.85313492854,339.7704050199257,340.6903606003798,1214500,LMT,3303
2020-09-03,341.6986999511719,355.4890682316429,339.12461197012,353.383798728562,1500800,LMT,3303
2020-09-04,340.5753173828125,346.3515276322223,335.7632800577078,343.66246859362104,933600,LMT,3303
2020-09-08,336.3383483886719,340.8142476405311,334.6841882349007,339.6642962984207,1071600,LMT,3303
2020-09-09,340.7699279785156,344.4674314533833,337.02823403129713,338.5142972584873,1218300,LMT,3303
2020-09-10,335.3475646972656,343.6801823661905,334.6576047879758,341.4599146476071,716000,LMT,3303
2020-09-11,344.49395751953125,345.42274026137056,336.79822882078577,337.43511689926675,933800,LMT,3303
2020-09-14,348.297607421875,350.8805501279566,346.41347890255946,347.9614682688789,991000,LMT,3303
2020-09-15,347.236083984375,350.28784494659834,342.2294683397955,349.97824170488457,955700,LMT,3303
2020-09-16,349.91632080078125,353.47229049508053,345.80309765695404,345.96231292824774,1052200,LMT,3303
2020-09-17,350.2347717285156,352.54347410307435,344.57355945499495,346.74958243931286,959500,LMT,3303
2020-09-18,349.52716064453125,352.94156989200144,348.65142260337836,348.65142260337836,2636400,LMT,3303
2020-09-21,335.789794921875,344.8654428448478,333.6845523443352,343.6535927955971,1447400,LMT,3303
2020-09-22,343.58282470703125,347.1741572369263,337.3200880132251,337.79776077677,1286300,LMT,3303
2020-09-23,339.0007629394531,348.89904981345904,337.89505642533084,344.299326911583,1223300,LMT,3303
2020-09-24,335.0379943847656,340.1065367720726,331.8004818312286,339.0096843312915,1295100,LMT,3303
2020-09-25,342.06134033203125,343.5650848287419,332.99454791484817,333.8791130287197,1375400,LMT,3303
2020-09-28,345.4316101074219,350.82743693790695,344.67086989855125,344.9804731580359,980000,LMT,3303
2020-09-29,343.8659973144531,347.76693456178225,342.77799898346325,344.63556501045997,1113100,LMT,3303
2020-09-30,339.0361328125,344.76812475672943,336.5858970419943,344.51159330226784,1410300,LMT,3303
2020-10-01,336.9220886230469,344.9804655138321,335.2502472557496,339.6730737366962,1103900,LMT,3303
2020-10-02,336.6478576660156,339.21311869029154,331.07510694697,332.59656037742434,1217200,LMT,3303
2020-10-05,339.6377868652344,341.3450189221656,335.1264970836273,339.0008985784805,825000,LMT,3303
2020-10-06,333.00341796875,341.53946701472233,332.6142071090872,341.4687136742329,954900,LMT,3303
2020-10-07,338.7355041503906,339.53160767656783,334.8611030622262,334.89649323966404,826500,LMT,3303
2020-10-08,343.73321533203125,344.2639598934557,338.1516106330088,339.5846020525019,694900,LMT,3303
2020-10-09,341.3802795410156,345.0689287174627,340.81417178665373,343.5740112017957,675000,LMT,3303
2020-10-12,344.025146484375,345.43160206435783,339.01850367420474,341.44220394470204,807400,LMT,3303
2020-10-13,344.0517272949219,345.4758646486694,340.6638266548046,341.56610065040053,973300,LMT,3303
2020-10-14,345.61737060546875,349.8102016772902,342.4506385670686,342.4506385670686,1090300,LMT,3303
2020-10-15,341.54840087890625,343.9809558211384,338.98316652060214,342.6187174949459,792000,LMT,3303
2020-10-16,341.88446044921875,344.7858333158009,341.52178546654744,343.6447366137169,952100,LMT,3303
2020-10-19,339.41668701171875,344.62679178600945,337.612192474081,342.53920275930415,1181000,LMT,3303
2020-10-20,329.2440490722656,341.2564611938525,328.88137405293145,338.42584138161993,1779200,LMT,3303
2020-10-21,324.7593688964844,331.71204030374935,322.8663858956494,329.2440951653469,1931200,LMT,3303
2020-10-22,326.36920166015625,328.271011633651,322.9990100666951,325.07774389600866,1255100,LMT,3303
2020-10-23,331.1192626953125,332.76456792140755,326.4133965853023,328.4744215193804,1178800,LMT,3303
2020-10-26,326.006591796875,327.1742246911059,320.6549815238436,326.78501372636225,1387200,LMT,3303
2020-10-27,320.593017578125,325.50237153267966,319.1600260112665,324.63548776004524,977400,LMT,3303
2020-10-28,310.35858154296875,318.44352169004384,309.9959335097941,315.6748278628498,1679900,LMT,3303
2020-10-29,311.7561950683594,315.1087050985959,308.085254489076,309.59785358662936,1548000,LMT,3303
2020-10-30,309.712890625,312.8973314927875,305.7500278789984,310.1640276214181,1309800,LMT,3303
2020-11-02,311.738525390625,318.36391107217065,310.23475353212166,315.0114009138505,1707700,LMT,3303
2020-11-03,321.4864196777344,323.9278285811734,315.0910027434082,315.9048147094849,1484600,LMT,3303
2020-11-04,329.1998596191406,337.42630696914836,326.85576672863675,328.2356865809633,2146400,LMT,3303
2020-11-05,322.6010437011719,333.03890564319954,321.7783772827411,331.3139921467306,1709300,LMT,3303
2020-11-06,319.5668640136719,321.74291386866474,316.63012802961504,321.3625303119509,1401600,LMT,3303
2020-11-09,321.93756103515625,337.4793532891884,321.7429555837416,335.7810029811981,1956900,LMT,3303
2020-11-10,328.4214172363281,330.33208160359266,321.9287109022267,322.8663479998484,1708000,LMT,3303
2020-11-11,326.6522521972656,330.23473063725106,323.46781192017363,329.8278381835859,1115200,LMT,3303
2020-11-12,325.4228515625,327.79348089190097,323.31758111519616,325.07785802097385,856100,LMT,3303
2020-11-13,331.83587646484375,332.59658974985575,326.6080917216875,327.7934061159953,921000,LMT,3303
2020-11-16,333.59613037109375,336.74518081603634,332.6673205689512,334.4099153652923,1306700,LMT,3303
2020-11-17,332.5081481933594,336.5594730828651,331.9331860481976,332.29586112309545,1321100,LMT,3303
2020-11-18,333.97650146484375,339.20428608047797,332.8088686888579,333.9145754097249,1066800,LMT,3303
2020-11-19,333.00341796875,334.14451467070626,329.2086525792205,331.7119602952081,1075400,LMT,3303
2020-11-20,325.5377197265625,333.6934130662314,325.1838989971096,332.5700248266508,1117500,LMT,3303
2020-11-23,328.041015625,331.2962091398651,327.1652777050446,328.6513677833857,929200,LMT,3303
2020-11-24,334.7904052734375,334.7904052734375,329.9960477396543,331.9597844940732,959000,LMT,3303
2020-11-25,334.66644287109375,337.85973774165376,332.800022986988,333.5607362113747,854800,LMT,3303
2020-11-27,331.1281433105469,335.0821509487563,330.3408942970556,335.0821509487563,612300,LMT,3303
2020-11-30,325.1245422363281,331.75174055961406,323.69044428993374,330.28200491499155,1608400,LMT,3303
2020-12-01,325.11566162109375,332.5089217561672,325.00877569830266,328.21548930004525,1299700,LMT,3303
2020-12-02,321.8822021484375,326.0063891864345,320.67970842455316,325.11563698586843,2520000,LMT,3303
2020-12-03,322.47900390625,329.13292363929224,321.52589256948255,322.55916833874466,1758400,LMT,3303
2020-12-04,326.55865478515625,327.5563200949628,322.55026983861967,323.4499382698166,1222600,LMT,3303
2020-12-07,322.56805419921875,326.8169318231254,321.15176165791655,326.8169318231254,1390500,LMT,3303
2020-12-08,319.98486328125,323.494428473422,319.63745693951563,321.5436793423154,1783600,LMT,3303
2020-12-09,321.873291015625,322.97781496975267,317.9539870389028,320.5371628064971,1522200,LMT,3303
2020-12-10,316.56439208984375,324.4297209291357,316.39514702138325,320.243175315001,1378700,LMT,3303
2020-12-11,322.19390869140625,323.4498723139114,315.49546322164025,315.81612090384857,1409800,LMT,3303
2020-12-14,318.58642578125,325.67680547413397,318.39045921564673,323.7884152148291,1370500,LMT,3303
2020-12-15,318.5061950683594,320.57274620584786,316.6178052020174,319.53947063710365,1521000,LMT,3303
2020-12-16,315.8339538574219,318.8001461570686,315.01445002889426,318.2211627741844,1986200,LMT,3303
2020-12-17,314.07916259765625,318.58636557110924,313.4378200663083,317.04535481539426,1658100,LMT,3303
2020-12-18,317.1344299316406,317.8114101428317,311.77211273760815,313.5803381900744,4342000,LMT,3303
2020-12-21,311.1842956542969,315.27284511045195,308.73472703228936,314.578059461372,2128700,LMT,3303
2020-12-22,309.9105224609375,312.31553713017036,309.4384248745488,311.1842916037371,1820800,LMT,3303
2020-12-23,313.1884460449219,316.2169977699428,311.22878053741584,311.7187105060908,1307500,LMT,3303
2020-12-24,313.51806640625,315.37973532229137,312.1195788680349,314.2841002830704,508800,LMT,3303
2020-12-28,315.4866027832031,318.72895378908805,313.2864437959525,314.53349141990844,1023400,LMT,3303
2020-12-29,315.2371826171875,318.31028842927054,313.36659765259776,317.10776758177724,1055900,LMT,3303
2020-12-30,315.4687805175781,317.65110694594455,314.43550477526503,314.43550477526503,840800,LMT,3303
2020-12-31,316.19921875,317.13449766587826,313.7496502541672,315.1659429588168,1318500,LMT,3303
2021-01-04,306.98883056640625,316.1992044316348,303.80883890266,316.1992044316348,1887200,LMT,3303
2021-01-05,310.6854553222656,312.8232550820998,305.79520745030123,306.98883927327745,1479100,LMT,3303
2021-01-06,310.0084228515625,313.4734612398088,305.33197477042216,305.5279413011661,1897500,LMT,3303
2021-01-07,305.1271057128906,309.84810791680803,304.0493033372314,306.73936475852486,2048900,LMT,3303
2021-01-08,299.38177490234375,305.946613281209,298.410858412166,304.5303207579077,3226300,LMT,3303
2021-01-11,300.7892150878906,301.96501458911615,296.90554830236584,298.40200556741564,3196400,LMT,3303
2021-01-12,304.5036315917969,305.8575650900533,298.963152064539,299.7559073521422,3002200,LMT,3303
2021-01-13,307.74591064453125,309.2691161904872,302.11637846534273,304.111654317025,1648100,LMT,3303
2021-01-14,309.48291015625,316.029943493224,308.9573696820707,309.981729154915,1965600,LMT,3303
2021-01-15,309.3314514160156,312.2085902938333,306.66811151283,309.1711225727378,1853100,LMT,3303
2021-01-19,304.1918640136719,312.6272880943086,304.174058756487,312.4224053104879,2017200,LMT,3303
2021-01-20,304.3433532714844,306.22282759469437,302.1609992417484,305.11830343066964,1780000,LMT,3303
2021-01-21,302.5617980957031,306.071336596586,301.9293444900214,304.3433024153953,1661800,LMT,3303
2021-01-22,302.74884033203125,304.49470690717794,300.37052016813624,301.7333698488677,1557600,LMT,3303
2021-01-25,305.9822692871094,308.9930158005811,300.98513576093484,302.285626244078,1976600,LMT,3303
2021-01-26,294.562744140625,306.40084434850223,294.562744140625,301.9648901583141,3542400,LMT,3303
2021-01-27,296.1839904785156,299.0522133376283,293.65425776793126,295.97910770872295,2666300,LMT,3303
2021-01-28,292.10443115234375,298.1170099170672,291.4363668451523,295.85451836890854,1837800,LMT,3303
2021-01-29,286.661865234375,293.0396539303942,286.5727845820968,291.365035528519,2101100,LMT,3303
2021-02-01,288.6304626464844,290.073477002934,284.8714869056923,289.38760752761976,1615500,LMT,3303
2021-02-02,296.35321044921875,298.5800905181681,290.9997820647142,291.65892986637294,2065400,LMT,3303
2021-02-03,296.0771179199219,296.9767590996875,292.4339177327469,295.444664326073,2683100,LMT,3303
2021-02-04,300.3883361816406,301.448333340199,295.89002183068715,297.50228093398755,2174100,LMT,3303
2021-02-05,300.2190856933594,304.1205841146519,299.738071963497,302.4904926015166,1454700,LMT,3303
2021-02-08,300.9317321777344,302.41038415167156,298.5801604099361,301.97392425474106,1549900,LMT,3303
2021-02-09,304.9400329589844,306.8729767378399,299.80040376337774,301.5551862708167,1677500,LMT,3303
2021-02-10,304.8064270019531,306.18708171921753,302.09853332878333,305.7239004684306,1728900,LMT,3303
2021-02-11,302.0897216796875,306.96211023877873,301.1009725775907,303.5505411885973,1181600,LMT,3303
2021-02-12,300.83367919921875,303.42577075068886,299.7914874107251,301.43046780937,1207300,LMT,3303
2021-02-16,298.4286804199219,302.8557195250287,297.3508779706665,302.1876554378411,1668400,LMT,3303
2021-02-17,300.1834411621094,302.2054385316174,296.43338263911704,298.1347223184174,2010900,LMT,3303
2021-02-18,301.0028991699219,302.4815234277153,298.6513010654767,300.0765095666321,1296200,LMT,3303
2021-02-19,298.776123046875,302.0451684873642,298.624683207954,302.0273632289738,1849200,LMT,3303
2021-02-22,303.2743835449219,306.0268044077584,296.8075142809459,297.3330547838566,1657200,LMT,3303
2021-02-23,308.4051208496094,309.5096447959748,301.3681572507779,307.4252880664153,2400000,LMT,3303
2021-02-24,308.67230224609375,312.0304276389655,306.9620463745389,309.34036627373945,2068700,LMT,3303
2021-02-25,304.3611145019531,310.96159141655033,303.4525570646188,308.02209291294065,1568000,LMT,3303
2021-02-26,296.4264831542969,304.06491545235275,296.2020876333625,303.3827443032622,2024000,LMT,3303
2021-03-01,299.31671142578125,303.1314354456419,298.73328852467966,299.7924288549296,1654500,LMT,3303
2021-03-02,303.91229248046875,305.18687099975,298.59862226832416,299.1371495660197,2076300,LMT,3303
2021-03-03,305.9946594238281,310.85953815094234,303.9122627695524,304.82778647816116,4052300,LMT,3303
2021-03-04,303.6071472167969,309.08240353931996,299.9270551054596,305.60876517340057,2196700,LMT,3303
2021-03-05,305.5638732910156,306.2281026836881,300.8066990312347,303.8046200127613,1451300,LMT,3303
2021-03-08,306.4794006347656,310.61724071961316,303.77766991022787,308.3194328726813,1599100,LMT,3303
2021-03-09,302.9339904785156,307.7360606948783,302.7275367127607,306.4435401441405,1448800,LMT,3303
2021-03-10,305.931884765625,308.04120821411647,301.30934235214306,304.64834891536316,1760100,LMT,3303
2021-03-11,304.935546875,308.43611124427935,303.7956001885731,306.07546616939777,1673500,LMT,3303
2021-03-12,305.348388671875,308.45401437528915,303.9391785151603,304.8547295838154,2151900,LMT,3303
2021-03-15,310.931396484375,311.13785021385655,307.51161111740527,309.10930604635166,2055800,LMT,3303
2021-03-16,311.5776672363281,313.25614131854786,307.2423305140729,311.0211707376276,1687700,LMT,3303
2021-03-17,315.0692443847656,319.1352900150086,311.5776644202672,312.20595542614086,2083000,LMT,3303
2021-03-18,321.7383117675781,322.23197096126324,316.433598317913,317.62737044753186,2272200,LMT,3303
2021-03-19,318.7044677734375,322.6179123964887,314.2434838513818,322.6179123964887,5739100,LMT,3303
2021-03-22,321.0291748046875,321.66645034181306,315.94885750212694,315.94885750212694,2190900,LMT,3303
2021-03-23,317.3939514160156,322.4563269412204,316.55024955384306,320.5354883521166,1474600,LMT,3303
2021-03-24,319.64697265625,325.5351097701093,318.63270037491145,318.63270037491145,1592300,LMT,3303
2021-03-25,324.224609375,324.73623774942877,317.94153463396896,318.43519383538,1598100,LMT,3303
2021-03-26,327.35711669921875,327.8418186388429,322.9051177421594,325.202925422708,2010500,LMT,3303
2021-03-29,334.60955810546875,335.91103540166205,327.61738756144507,327.61738756144507,2245500,LMT,3303
2021-03-30,332.5899963378906,335.8123119889341,330.8576424975263,335.0224355545343,1518600,LMT,3303
2021-03-31,331.65655517578125,334.4480220995874,329.7536856830725,332.7785326966736,1375500,LMT,3303
2021-04-01,333.0208435058594,334.7890810338971,330.61533046638453,331.19875325246227,1261600,LMT,3303
2021-04-05,339.9591979980469,341.4402028871571,333.9543719529368,333.9543719529368,1489300,LMT,3303
2021-04-06,340.1566162109375,341.1708881480333,337.77802963705506,337.94857239065664,1035700,LMT,3303
2021-04-07,341.25164794921875,341.4401324691706,337.55361508603306,339.95014330149417,976900,LMT,3303
2021-04-08,346.484619140625,347.7412559462305,339.5642690838418,340.72215761836424,1863400,LMT,3303
2021-04-09,346.6732177734375,350.2904733069318,344.366424713745,347.2566407836067,1400900,LMT,3303
2021-04-12,348.1271667480469,348.89907408122446,344.931777179399,347.4809066447233,1067400,LMT,3303
2021-04-13,347.4629821777344,348.44137073960786,344.97668970347564,346.96932299575093,1124300,LMT,3303
2021-04-14,348.8631896972656,351.16995449835144,347.36421578338275,347.7232430861487,1078800,LMT,3303
2021-04-15,350.6224365234375,351.85211939472026,347.9925280214359,348.8631835962314,1289400,LMT,3303
2021-04-16,351.68157958984375,353.9524608144364,349.8774311154029,352.5881461195124,1499500,LMT,3303
2021-04-19,351.60980224609375,352.20220964559746,347.02314404061445,351.8521395218791,1317600,LMT,3303
2021-04-20,347.6604919433594,351.4034216672527,345.2280519178077,348.2618840533692,1370100,LMT,3303
2021-04-21,347.5796813964844,350.85587795397674,345.524238123006,347.83100328718194,1358500,LMT,3303
2021-04-22,341.1620178222656,347.1578603918279,339.6451017008475,347.1578603918279,1670500,LMT,3303
2021-04-23,338.6487731933594,339.8156190182808,335.08537100268836,339.8156190182808,1298000,LMT,3303
2021-04-26,333.882568359375,336.87150442183224,332.7516062531337,335.94699604051686,1518100,LMT,3303
2021-04-27,334.9955749511719,335.9110987841961,332.2310342801378,333.45173272417014,1564900,LMT,3303
2021-04-28,334.7442626953125,335.58799204083846,332.9580831237569,335.21099551520786,1110400,LMT,3303
2021-04-29,341.39532470703125,342.858387773449,336.44963904149057,336.59325545085983,1385600,LMT,3303
2021-04-30,341.5838317871094,342.87635216464224,338.926996518639,340.0579313049569,1103700,LMT,3303
2021-05-03,345.8472595214844,346.8166632564654,340.23737297375584,340.874648415811,1347400,LMT,3303
2021-05-04,347.79510498046875,350.19163373086826,345.1562115440076,347.5886512464219,1509600,LMT,3303
2021-05-05,346.79876708984375,347.7950973943007,342.61603151234755,346.7718407244276,1079300,LMT,3303
2021-05-06,347.66943359375,349.42868677048926,346.4666769143036,348.252856457298,1079500,LMT,3303
2021-05-07,350.3622131347656,352.3907575591631,346.36798900259043,347.36429204088824,1203700,LMT,3303
2021-05-10,352.8753662109375,356.33103466027035,351.2148341944896,351.2776441104216,1578600,LMT,3303
2021-05-11,348.1002502441406,351.5649035406229,345.0394924036578,350.98148073171603,1353200,LMT,3303
2021-05-12,341.63763427734375,350.37111643147557,341.2606652013536,348.2348670274414,1633700,LMT,3303
2021-05-13,348.0554504394531,350.3981542967025,341.9339604668544,342.67894166306144,1105800,LMT,3303
2021-05-14,350.757080078125,351.9418948490217,348.7913733784188,350.2095682262573,799800,LMT,3303
2021-05-17,351.06231689453125,351.8791199165985,348.9081252695797,349.7249282916469,979100,LMT,3303
2021-05-18,347.56170654296875,353.7999124609359,347.4360319135629,351.1969027217945,1171800,LMT,3303
2021-05-19,346.0538024902344,346.2243452766477,342.2929313869619,345.56910049768965,995000,LMT,3303
2021-05-20,348.54913330078125,349.64418470189776,346.52957331124924,347.1758336035809,1094700,LMT,3303
2021-05-21,347.56170654296875,352.0226902223827,346.07171712131833,349.4286650687786,892500,LMT,3303
2021-05-24,348.00152587890625,349.83260091459067,346.43075730520377,349.6082054040617,931400,LMT,3303
2021-05-25,346.3320007324219,349.60816937006456,345.7306087736964,348.17203277229555,978500,LMT,3303
2021-05-26,344.78826904296875,346.52958077391685,343.06489909562566,346.0807896554671,999500,LMT,3303
2021-05-27,347.71435546875,348.21699927160387,344.9228607927264,347.72331266349295,3979300,LMT,3303
2021-05-28,345.3738098144531,348.8076565423154,344.75930904639586,347.6329267609707,935500,LMT,3303
2021-06-01,345.120849609375,347.3889846641821,344.4069608090079,347.2082718234201,962200,LMT,3303
2021-06-02,347.9853820800781,348.3558806190435,343.95512461992985,345.20216175666326,1007600,LMT,3303
2021-06-03,350.027587890625,350.1992829860447,346.18708905212077,346.7834992398242,1649700,LMT,3303
2021-06-04,356.1273193359375,357.4104827448819,350.2626310410061,350.6150666388206,1836100,LMT,3303
2021-06-07,353.7868347167969,357.591180746081,352.06988340886426,356.9767074238299,1087900,LMT,3303
2021-06-08,351.0939636230469,354.82603010091196,349.77464674036173,353.7868415787192,1065000,LMT,3303
2021-06-09,349.5306701660156,351.76267949701213,348.01254973072207,351.76267949701213,1046100,LMT,3303
2021-06-10,350.3620300292969,352.18738711492244,348.8890809477385,351.64522095481914,913700,LMT,3303
2021-06-11,350.3620300292969,351.6542386727415,348.0577411175007,351.3198936816381,751000,LMT,3303
2021-06-14,351.6180419921875,351.9343239315787,348.6992800717789,350.26257160375286,868400,LMT,3303
2021-06-15,352.2415466308594,354.27475213301136,351.5728567570505,352.42228703967425,943900,LMT,3303
2021-06-16,346.63897705078125,353.3259589945906,346.2775237846244,353.15426386717076,1524200,LMT,3303
2021-06-17,346.0064392089844,348.37398999428956,342.9973067596512,347.2534765116855,1246400,LMT,3303
2021-06-18,342.6539001464844,345.2835161644236,342.48220501431837,343.5394841135976,2416200,LMT,3303
2021-06-21,345.6449279785156,348.30165198404904,343.9370221561953,344.49730638070093,1186900,LMT,3303
2021-06-22,345.6269226074219,346.89202292171876,343.0695860941575,344.77749220129715,636200,LMT,3303
2021-06-23,340.9731140136719,345.65402648221885,340.90987968160687,345.38291583305585,1024000,LMT,3303
2021-06-24,341.33465576171875,343.3768796153289,340.5394418390572,342.95216434195845,1032700,LMT,3303
2021-06-25,345.2021789550781,346.4763244592586,340.5755110000241,340.5755110000241,1708100,LMT,3303
2021-06-28,343.4490966796875,345.85280083237217,342.3195380126617,344.89493728890363,778200,LMT,3303
2021-06-29,337.4399108886719,343.7473499725052,337.2862787483429,343.277463410117,1223900,LMT,3303
2021-06-30,341.89483642578125,342.8798083132823,337.62057633228375,338.4157900777825,1077600,LMT,3303
2021-07-01,343.5846862792969,344.3979631179274,340.8737450991153,340.95507002526637,752800,LMT,3303
2021-07-02,344.7322692871094,346.26848014702114,342.4370258686185,344.96722632093787,778700,LMT,3303
2021-07-06,342.18402099609375,343.69309604013887,337.67480372192705,343.38585936995673,1142700,LMT,3303
2021-07-07,346.530517578125,347.54259767754326,341.04537436465114,341.94902125014806,952900,LMT,3303
2021-07-08,343.3135986328125,344.9130439801154,341.5153222547323,342.96116304705185,894500,LMT,3303
2021-07-09,346.1961669921875,347.35286155291317,344.0816364554538,345.82569601353055,542900,LMT,3303
2021-07-12,342.5455017089844,346.3860017594619,339.9791473374491,345.10281078513424,1008200,LMT,3303
2021-07-13,341.4339294433594,344.00932853369466,341.1628464136878,342.4821631199459,709500,LMT,3303
2021-07-14,340.51226806640625,341.9310004703643,339.05738206097107,341.43397807568766,698900,LMT,3303
2021-07-15,341.8044738769531,342.1659271574338,338.8676211602311,338.9760543866636,713400,LMT,3303
2021-07-16,340.8014221191406,343.1328191036161,339.1206244611191,342.1388019485621,890800,LMT,3303
2021-07-19,336.1747741699219,340.5122966665969,332.1445159459328,339.003193920753,1357600,LMT,3303
2021-07-20,343.3678283691406,343.9642387529024,337.06036180492055,337.069407100425,1268000,LMT,3303
2021-07-21,344.1900939941406,347.63298660717015,342.8436413097841,343.3677719747893,922800,LMT,3303
2021-07-22,343.3225402832031,344.78644376437376,341.4248763873062,344.06353731694315,688400,LMT,3303
2021-07-23,344.0816345214844,345.6449536513818,343.557531431578,345.1660218775116,795900,LMT,3303
2021-07-26,332.5872802734375,338.28929085936153,331.0962681807861,337.0603441285106,2720700,LMT,3303
2021-07-27,338.6236572265625,339.36462682324566,332.7680146179464,332.7680146179464,1460600,LMT,3303
2021-07-28,336.88861083984375,339.9881132011053,334.8825135457713,339.7712467618918,775200,LMT,3303
2021-07-29,336.6988830566406,339.6447535709322,335.5693242887219,338.73208883889436,754800,LMT,3303
2021-07-30,335.8584289550781,337.63861431069216,334.4487145313699,336.21988217113363,798600,LMT,3303
2021-08-02,332.8132019042969,338.90380185462834,332.6143984475718,336.4277901523028,1176500,LMT,3303
2021-08-03,333.85235595703125,334.26802580660177,330.7347631424654,333.7890940559555,872900,LMT,3303
2021-08-04,326.7948913574219,330.15643148721733,324.96046160227,329.3702630647899,1608100,LMT,3303
2021-08-05,326.01776123046875,328.0419216713467,325.20448445169586,327.51781854901856,912600,LMT,3303
2021-08-06,327.1653747558594,328.43952029397474,325.81894959400955,327.39128649856525,704500,LMT,3303
2021-08-09,326.2527160644531,327.49975331944967,325.11411203560976,325.94547939797997,945100,LMT,3303
2021-08-10,327.33709716796875,328.07809436430966,325.40330682933774,325.48463175423575,842100,LMT,3303
2021-08-11,328.294921875,329.2437677071247,326.2165449463544,327.52684403861974,900100,LMT,3303
2021-08-12,325.08697509765625,329.19855749751025,324.22849950435636,327.4183719859687,1005400,LMT,3303
2021-08-13,323.4875793457031,326.27984540764675,323.0628641311416,325.5388482116681,1222200,LMT,3303
2021-08-16,325.538818359375,325.77377539438805,321.30071189753465,323.48754968151377,1625700,LMT,3303
2021-08-17,326.75872802734375,327.5991130347656,324.11104920071887,324.4544118615907,1571000,LMT,3303
2021-08-18,322.24053955078125,325.7647574866695,322.20438594763596,324.86111044787157,961000,LMT,3303
2021-08-19,319.9181213378906,325.2225244015528,319.5024514719259,321.00250868410336,1345700,LMT,3303
2021-08-20,322.75555419921875,324.23752067774154,319.50242005755365,320.55967141789915,904300,LMT,3303
2021-08-23,322.9183044433594,324.4725785957126,322.06887394282205,323.4514529358887,827800,LMT,3303
2021-08-24,324.40924072265625,325.75566579401493,323.4333141936887,324.3821324184382,822600,LMT,3303
2021-08-25,324.18328857421875,325.9002119738933,323.49650818350426,325.03271876996195,953500,LMT,3303
2021-08-26,326.7768249511719,327.10215221249126,322.8188466640136,324.4996444304082,1172400,LMT,3303
2021-08-27,327.1111145019531,329.22564482231445,326.3791627594093,328.2858719535628,1203900,LMT,3303
2021-08-30,327.1653747558594,328.8913437793866,326.89429169545906,327.3461151808709,986000,LMT,3303
2021-08-31,327.4839172363281,328.43962630018063,325.93662240091953,327.1198494972077,1083900,LMT,3303
2021-09-01,324.6259765625,327.22000450245184,324.5167590116119,326.1186627189539,1116000,LMT,3303
2021-09-02,325.8910827636719,326.519111392092,323.5883203849937,324.762464487247,2071500,LMT,3303
2021-09-03,324.0252685546875,326.09137473382015,323.6885051636465,325.8911332882564,893200,LMT,3303
2021-09-07,317.83599853515625,322.86020002064566,317.717670269696,322.86020002064566,2033500,LMT,3303
2021-09-08,319.89300537109375,321.8225894657199,318.0726388249802,318.91913037913076,1215300,LMT,3303
2021-09-09,317.5902404785156,320.1114659034601,316.6163377170864,319.02834559431716,1098900,LMT,3303
2021-09-10,314.8141784667969,318.63693134778157,314.75956969539624,318.054428527312,1222600,LMT,3303
2021-09-13,315.2055358886719,317.9087810532974,311.9652859792564,316.6618345368172,1489200,LMT,3303
2021-09-14,313.4125061035156,317.01682410108765,311.7195785419523,316.7437802287675,1325600,LMT,3303
2021-09-15,314.07696533203125,315.7698929768031,313.02114934618396,313.83119805827425,1149700,LMT,3303
2021-09-16,310.82763671875,314.8688533099295,310.14499915641017,314.45017671580723,1451400,LMT,3303
2021-09-17,310.3543701171875,312.01999364836036,308.68871880941947,309.4168822525896,2108000,LMT,3303
2021-09-20,308.0606384277344,310.0539421188368,305.72148840768466,308.279101312416,1709800,LMT,3303
2021-09-21,305.8670654296875,309.526019816411,305.00240802120703,308.31546055731513,1317000,LMT,3303
2021-09-22,311.03692626953125,312.37489673334943,307.6601264753406,307.76937179565437,1335900,LMT,3303
2021-09-23,313.2851257324219,313.81301986307653,309.5624513215511,309.72630543766434,1366200,LMT,3303
2021-09-24,318.12725830078125,321.24009742104806,316.2978087484765,317.6266685943962,1693000,LMT,3303
2021-09-27,321.6223449707031,325.15386048077534,319.7655911104995,320.51194805367743,1866000,LMT,3303
2021-09-28,320.5210876464844,323.39727060346576,318.49139638519677,321.62240181359067,1140100,LMT,3303
2021-09-29,318.8280944824219,320.91239410003715,313.98591298584154,316.86209535351134,1547700,LMT,3303
2021-09-30,314.1042175292969,320.6575196874909,313.9221697846584,319.9566886461463,1054300,LMT,3303
2021-10-01,316.5617370605469,318.2728860895103,311.9835162242239,316.1157561370835,960400,LMT,3303
2021-10-04,314.914306640625,318.80988999866366,312.8300069121423,316.46162933945567,1127400,LMT,3303
2021-10-05,316.5162048339844,318.97371056159034,313.8493747493556,314.9233842489104,889400,LMT,3303
2021-10-06,318.55499267578125,318.69154236993353,313.28505222160345,315.8608583216492,995700,LMT,3303
2021-10-07,320.184326171875,322.6418325456428,318.7189441810699,318.7189441810699,1042600,LMT,3303
2021-10-08,321.97735595703125,323.2607177973583,319.2923039981312,320.45733756021247,768500,LMT,3303
2021-10-11,325.0082092285156,327.05612145620404,322.3140746975344,323.02401649206956,996800,LMT,3303
2021-10-12,325.954833984375,328.0118570995359,324.03436058340515,324.91723948201417,840200,LMT,3303
2021-10-13,329.2679748535156,329.8413948731742,321.7043525810357,327.3201689312845,1102100,LMT,3303
2021-10-14,329.5500793457031,331.4523591398075,327.993645878771,329.5045535140241,973300,LMT,3303
2021-10-15,332.78125,333.3455592632979,330.8607763602867,331.39778123266996,952700,LMT,3303
2021-10-18,332.2168884277344,334.8382206491718,329.3771211133734,331.6070534245379,1014600,LMT,3303
2021-10-19,337.7417297363281,337.8418365683252,330.9881573098718,333.5821853158039,1051300,LMT,3303
2021-10-20,337.7963562011719,339.10702246697656,336.5857967726062,338.3879698322356,955200,LMT,3303
2021-10-21,339.6257629394531,339.7349804760987,334.164663894483,338.2513774579614,803600,LMT,3303
2021-10-22,340.95465087890625,343.15727878820013,338.8157146868816,340.34481587993344,1092000,LMT,3303
2021-10-25,342.52923583984375,344.14027790158025,340.9637196046449,342.14697444581583,1350300,LMT,3303
2021-10-26,302.09893798828125,319.656381364222,296.71975143129015,317.0441319993475,9439700,LMT,3303
2021-10-27,301.2160339355469,306.2129308731907,300.85196620662737,303.09100912724006,2822900,LMT,3303
2021-10-28,301.6256408691406,304.7839500844547,295.9369955506266,300.36047281754065,2874600,LMT,3303
2021-10-29,302.47210693359375,304.3288607805775,299.3046591965101,300.3604751088713,1821500,LMT,3303
2021-11-01,301.2068786621094,304.1831950975221,300.42413454954095,300.7882022246096,1865000,LMT,3303
2021-11-02,297.00189208984375,302.21725207687405,296.09170884595915,301.68024729617275,2745000,LMT,3303
2021-11-03,301.5892333984375,303.1820541279545,295.10873293174257,296.2646556901628,1902600,LMT,3303
2021-11-04,305.366455078125,305.58489015152134,301.54367463417276,301.54367463417276,1847900,LMT,3303
2021-11-05,309.3622131347656,309.9356052776583,306.14015649651526,306.68627202824086,2145300,LMT,3303
2021-11-08,311.08245849609375,312.21107694070207,307.2596773861886,310.9459365514381,1733000,LMT,3303
2021-11-09,307.79669189453125,311.28268163381887,306.82278911894457,310.7183724447019,1769200,LMT,3303
2021-11-10,307.3052673339844,310.09953741615254,307.18693903173147,308.342862106439,1268700,LMT,3303
2021-11-11,305.721435546875,306.9228562102345,303.3640367144398,306.85916449911423,1216500,LMT,3303
2021-11-12,308.6067810058594,309.8173404812765,304.9387430193923,305.47574789154686,1097400,LMT,3303
2021-11-15,310.29974365234375,310.96415977167595,308.943551468966,309.0527690350703,1068600,LMT,3303
2021-11-16,309.799072265625,312.77538930768077,309.243873808885,311.18256860009114,1307500,LMT,3303
2021-11-17,311.2735900878906,312.69347386945697,308.9890488033629,308.9890488033629,1751000,LMT,3303
2021-11-18,311.35552978515625,312.2930175897469,309.6534912466211,311.9380605024054,1431300,LMT,3303
2021-11-19,310.77294921875,312.19283276664044,308.87066969339145,310.2632488567681,1426500,LMT,3303
2021-11-22,313.99505615234375,316.37062131821403,310.809414487509,311.03696032071144,1229400,LMT,3303
2021-11-23,314.17706298828125,316.8256997089657,313.7128883960799,313.9950429953008,1212700,LMT,3303
2021-11-24,312.7207946777344,315.8336340709703,312.23839859554846,313.88582829753767,1134500,LMT,3303
2021-11-26,311.93804931640625,312.4022517290309,307.71478509757515,308.8161269872693,1079900,LMT,3303
2021-11-29,310.58184814453125,313.6491613292912,308.7341772120047,313.10304581035064,1492300,LMT,3303
2021-11-30,305.8923034667969,310.5175598400413,305.62615868135975,309.4530367110857,2763200,LMT,3303
2021-12-01,301.3955383300781,308.30592120237645,301.1936402007435,307.43408200606837,2248300,LMT,3303
2021-12-02,303.33184814453125,306.43372431803294,301.31286720130703,302.84546109999,1804100,LMT,3303
2021-12-03,306.3420104980469,306.8651140329227,303.15754281237105,304.0844426191089,1603200,LMT,3303
2021-12-06,311.9859313964844,314.23434109043626,309.49893519269494,309.49893519269494,1946900,LMT,3303
2021-12-07,311.2609558105469,313.95900821741714,310.9213782294171,312.02264582902006,1540700,LMT,3303
2021-12-08,313.0137939453125,314.20683862574685,311.12330585829926,311.7565305871572,1376900,LMT,3303
2021-12-09,315.3263854980469,316.71211393228975,310.43495652910525,311.96755050042793,1591500,LMT,3303
2021-12-10,316.5010681152344,318.66685874945694,316.24410942970974,317.3820653218337,1180700,LMT,3303
2021-12-13,317.1159973144531,318.2631395822762,313.4084536694591,316.0606320293365,1740700,LMT,3303
2021-12-14,317.1985778808594,319.7314486578486,315.46408553839103,315.46408553839103,1786000,LMT,3303
2021-12-15,316.0789794921875,317.1985913782139,312.0226724278096,316.96916294260524,1208900,LMT,3303
2021-12-16,316.4643249511719,319.32758663513334,315.39061582288326,317.22604285171946,1185900,LMT,3303
2021-12-17,315.8220520019531,318.5935376959244,314.7024400051879,317.1160038611358,2749500,LMT,3303
2021-12-20,309.65496826171875,313.11473882042515,305.984113470196,312.94037097731587,2315400,LMT,3303
2021-12-21,312.72930908203125,315.12455656791457,310.7837603845821,310.8938815551695,2352400,LMT,3303
2021-12-22,314.9042663574219,316.0146920005825,312.96787604760914,313.0871832997432,1311400,LMT,3303
2021-12-23,318.4650573730469,319.65810220896844,315.49167339360787,315.49167339360787,1061200,LMT,3303
2021-12-27,321.456787109375,321.943174300646,318.4466869809352,318.53846396174913,965900,LMT,3303
2021-12-28,324.6412048339844,325.9443705444017,320.75010790629017,321.25483921301344,827500,LMT,3303
2021-12-29,325.1184387207031,326.24723671061383,323.6684633248057,324.3567486343218,771700,LMT,3303
2021-12-30,324.4851989746094,328.3854822146514,324.4209803002254,325.788364756451,778500,LMT,3303
2021-12-31,326.1646423339844,327.67886439738953,322.6314388484385,324.1089725270052,887200,LMT,3303
2022-01-03,325.20098876953125,327.2475002485329,323.98044196337344,325.4946638529247,1205700,LMT,3303
2022-01-04,332.203125,333.6255978320181,325.98102813892297,326.27470320175973,1361100,LMT,3303
2022-01-05,328.66998291015625,334.0477715028172,328.4221822984082,333.1300578448425,1682200,LMT,3303
2022-01-06,328.54150390625,331.51488732592355,328.12852153956226,330.3769313023743,1368800,LMT,3303
2022-01-07,330.50537109375,333.1208323041848,328.6791020862625,329.5325689655917,1634600,LMT,3303
2022-01-10,333.3594970703125,339.0584912293649,331.6709072456451,333.13006864837837,2389900,LMT,3303
2022-01-11,334.17626953125,335.00220623369785,331.54240777065496,334.0569622730211,1128000,LMT,3303
2022-01-12,331.5699462890625,336.03004940320466,329.872198361053,333.47880645529926,1477100,LMT,3303
2022-01-13,335.1307373046875,337.13134677784126,330.4871074602754,332.2674745712923,1244000,LMT,3303
2022-01-14,341.9584655761719,342.2980151553734,334.0202478775892,335.130673584102,2165000,LMT,3303
2022-01-18,345.5559387207031,346.30844270093843,338.5078759285617,339.96706541749774,2471600,LMT,3303
2022-01-19,346.2808532714844,350.06185675140205,343.39006109198266,344.60144974070204,3336700,LMT,3303
2022-01-20,344.2619323730469,349.7865585659279,343.23409754705955,345.9872385479821,2109100,LMT,3303
2022-01-21,340.6553039550781,346.06980866425096,339.26036134083375,343.22489086595436,2795400,LMT,3303
2022-01-24,342.61004638671875,343.72050013833683,335.27752281966593,339.14108968970305,3022300,LMT,3303
2022-01-25,355.3112487792969,356.07293887727445,340.26990680993936,346.758149814626,3182400,LMT,3303
2022-01-26,359.0462646484375,361.23961362450325,352.1267241775687,356.07288150717716,3640500,LMT,3303
2022-01-27,357.0640869140625,363.0475990476408,353.08121222741636,357.3486039690549,2566200,LMT,3303
2022-01-28,360.79913330078125,360.96431504421395,353.1178741607693,357.08240404154947,2145100,LMT,3303
2022-01-31,357.1098937988281,358.8168276333544,353.0260571202996,358.36715693624944,2363400,LMT,3303
2022-02-01,355.16436767578125,358.37636544198386,354.4301799539533,358.1102206424213,1951100,LMT,3303
2022-02-02,355.4672546386719,356.39415452492005,353.3289938393256,354.33845659917364,1620600,LMT,3303
2022-02-03,357.633056640625,359.89981070476614,354.59542639358256,356.2381138279838,1649000,LMT,3303
2022-02-04,357.2934875488281,360.5146718237204,353.6134743981659,356.0729405650687,1645800,LMT,3303
2022-02-07,360.0558166503906,363.02920029892516,356.34824518305635,359.74379732980134,1243000,LMT,3303
2022-02-08,363.4513854980469,364.1855453441803,358.4590201264115,363.1209939628048,1311400,LMT,3303
2022-02-09,362.0747985839844,364.90134467219303,361.2947362783626,362.9557959612128,1541900,LMT,3303
2022-02-10,353.7143859863281,363.1026072545839,352.3378154312032,360.6982018326563,2301100,LMT,3303
2022-02-11,363.5889892578125,366.0301110351634,353.6409762141594,354.93495587845445,3276400,LMT,3303
2022-02-14,355.12762451171875,362.9740644035528,352.20930205428675,361.56080565758884,2799800,LMT,3303
2022-02-15,350.76849365234375,355.43046642204934,347.18941621015296,350.4840046765797,2418600,LMT,3303
2022-02-16,355.0634460449219,356.72450570019583,350.56665424877025,351.3467165414417,1776800,LMT,3303
2022-02-17,356.77960205078125,359.459338805599,354.0264605110553,354.3476659586375,1248800,LMT,3303
2022-02-18,354.6596374511719,358.8994703692409,353.97135215911135,357.1191315129991,1459900,LMT,3303
2022-02-22,354.4210510253906,361.04694522571094,353.3840300373759,359.0738383161395,1680900,LMT,3303
2022-02-23,356.8988342285156,358.1652835513113,352.86089975458026,357.14663483904405,1839500,LMT,3303
2022-02-24,363.1484680175781,366.14940963847175,355.5406418682831,365.46112438691245,4140900,LMT,3303
2022-02-25,375.7945556640625,380.3464355579556,362.6987918881163,362.70797798671475,3376300,LMT,3303
2022-02-28,400.8450927734375,400.9375016184575,382.0872534024146,382.3737010825223,5808600,LMT,3303
2022-03-01,421.9222412109375,423.6963950721612,401.9539230738589,401.9539230738589,5719300,LMT,3303
2022-03-02,415.814453125,417.25594097322886,396.66850651092,411.5361799065272,5003400,LMT,3303
2022-03-03,413.79998779296875,421.266153418191,404.2085317982636,410.93548315536293,4603500,LMT,3303
2022-03-04,423.3452453613281,427.5126386086189,409.41085553151237,415.8605806947258,3320300,LMT,3303
2022-03-07,430.7375183105469,443.5261180189358,427.8268231020721,427.8360724459757,5210100,LMT,3303
2022-03-08,414.8811340332031,432.4469920280056,414.2989893397518,428.54757571551073,4133700,LMT,3303
2022-03-09,414.63165283203125,421.1183475184351,399.579163196503,404.26401234740445,3477300,LMT,3303
2022-03-10,410.6028137207031,422.2456216456975,408.6438705465048,416.39651195295545,3049600,LMT,3303
2022-03-11,405.68701171875,414.603914758962,405.2896565326887,408.42213850617765,2649100,LMT,3303
2022-03-14,410.6860656738281,415.61114420985587,405.8441184411517,415.29697668928713,2475700,LMT,3303
2022-03-15,414.58544921875,416.202505216297,406.8328072148854,410.9632313765885,1778700,LMT,3303
2022-03-16,389.3316345214844,403.70034885742217,380.109785127596,402.0001051838342,5815500,LMT,3303
2022-03-17,396.0308837890625,398.9785482164968,392.52879450457493,394.6171159131473,2947700,LMT,3303
2022-03-18,393.8039245605469,404.25472352316444,389.6642795258948,401.64897488946536,5215700,LMT,3303
2022-03-21,406.5740661621094,413.90163290490057,398.8399230972187,398.8399230972187,3245200,LMT,3303
2022-03-22,407.1192626953125,410.12236674841733,401.20546343058066,406.065880860279,2113800,LMT,3303
2022-03-23,411.4252014160156,413.5042731806109,408.7455145592693,410.27016154679603,1715100,LMT,3303
2022-03-24,415.56494140625,417.2004679728296,409.55873311871204,411.47145801887456,1375400,LMT,3303
2022-03-25,419.19635009765625,422.77234933700964,415.81438967770475,415.8421095090479,1646300,LMT,3303
2022-03-28,411.1757507324219,416.23942781365264,409.63260495524446,415.18604604535665,1676200,LMT,3303
2022-03-29,403.9405517578125,404.83686385610196,396.70539416792997,400.3368328778094,2451100,LMT,3303
2022-03-30,412.0721130371094,413.09777509953415,405.9365265545851,405.94577589903895,1719500,LMT,3303
2022-03-31,407.8677062988281,414.7702262491391,407.4980991503267,408.38516194657365,1660700,LMT,3303
2022-04-01,412.09979248046875,414.8811095640469,405.48372012155505,408.62542321286026,1174200,LMT,3303
2022-04-04,410.27947998046875,413.96635884013824,406.15827672964843,413.4858723253467,1166300,LMT,3303
2022-04-05,413.2640686035156,420.2589977119918,409.69731856781164,411.1942459174789,2240200,LMT,3303
2022-04-06,420.0464782714844,422.8001039413168,412.46943235594034,412.46943235594034,1941400,LMT,3303
2022-04-07,430.1460876464844,431.89249322863805,416.5443373029744,418.5864398532775,2032700,LMT,3303
2022-04-08,426.4593200683594,435.7643308561857,424.6944152268334,432.1883308439853,1710700,LMT,3303
2022-04-11,428.98187255859375,438.40701060208926,427.0783688210565,428.5568257179683,1911200,LMT,3303
2022-04-12,432.0311584472656,435.90285485603374,426.3298966915815,430.78373778317535,1502300,LMT,3303
2022-04-13,433.5465393066406,438.55477652732355,430.82988320273324,435.21903482785495,1212400,LMT,3303
2022-04-14,432.1328125,437.7416935596799,430.63588515803235,436.0599485363157,1965200,LMT,3303
2022-04-18,431.9295349121094,436.1153988853995,424.2323323007921,431.52295856245127,1638900,LMT,3303
2022-04-19,424.9623718261719,439.37727872383306,423.60404346429334,427.3556116639155,2044000,LMT,3303
2022-04-20,419.3904113769531,426.3114022320389,418.38321985192334,424.94385288025006,1636200,LMT,3303
2022-04-21,406.1490173339844,421.31238524644516,405.51143302291575,420.43454360099776,1937600,LMT,3303
2022-04-22,411.9242248535156,416.64601474249446,405.08639383150677,407.3964737848353,1451700,LMT,3303
2022-04-25,409.2445983886719,411.02797360908664,400.3553857237318,409.3462283860529,1499800,LMT,3303
2022-04-26,412.201416015625,417.9581453111463,409.5124796127033,413.0792576623446,1440400,LMT,3303
2022-04-27,411.1757507324219,417.6624449244416,405.89950794996196,412.33079067966867,1017500,LMT,3303
2022-04-28,408.15423583984375,414.89043815466306,404.28253884923316,414.89043815466306,1348800,LMT,3303
2022-04-29,399.292724609375,411.2035112598135,397.6849178674331,410.66755687968606,1479500,LMT,3303
2022-05-02,398.0821838378906,404.2547102125471,393.77619176477776,396.96411312552937,1397100,LMT,3303
2022-05-03,401.7413635253906,404.35638975351935,398.2208040275047,401.38100572599393,1332000,LMT,3303
2022-05-04,411.8780517578125,412.10905977862143,401.85232621408016,403.8297402086099,1172600,LMT,3303
2022-05-05,409.4848327636719,413.476658333027,405.2897189977508,411.8780725964302,1183800,LMT,3303
2022-05-06,415.2877502441406,415.4263494227368,406.4909745854925,407.98790211277617,1409800,LMT,3303
2022-05-09,405.502197265625,414.687077551041,403.9128611063984,413.07002155993564,1354500,LMT,3303
2022-05-10,405.770263671875,412.5803764601361,404.26408667706505,406.5187274964134,978500,LMT,3303
2022-05-11,406.95294189453125,411.18499610293406,403.4508526723602,404.2640053550065,1018200,LMT,3303
2022-05-12,401.5750427246094,407.7937879146633,395.8090923666034,405.8902843490596,1390200,LMT,3303
2022-05-13,402.11102294921875,404.4580439555578,396.40973302923055,402.2865630881646,1114700,LMT,3303
2022-05-16,404.3102111816406,406.9159883239043,399.3296931082529,401.95394073975086,1004700,LMT,3303
2022-05-17,407.49810791015625,408.6254280668107,398.4980453442351,406.39850758525483,798100,LMT,3303
2022-05-18,401.33477783203125,408.48680418281504,400.1982365997316,407.498083244772,986900,LMT,3303
2022-05-19,393.2864990234375,400.0966104155502,387.43738881613564,398.11919658056416,1539800,LMT,3303
2022-05-20,391.92816162109375,395.48569041065946,385.58931572630473,395.48569041065946,1632500,LMT,3303
2022-05-23,400.13360595703125,402.55456546742386,394.96827007205303,394.96827007205303,1038200,LMT,3303
2022-05-24,409.14288330078125,409.6326191273887,400.10585156883496,400.10585156883496,1034100,LMT,3303
2022-05-25,413.5412902832031,414.54848178199404,407.77531141229366,409.78972260909427,1032200,LMT,3303
2022-05-26,413.9571228027344,419.566004300311,413.7538346170146,415.81443630866386,1143100,LMT,3303
2022-05-27,416.3318786621094,417.17275121246513,410.69527751090146,416.8678330432778,1265800,LMT,3303
2022-05-31,409.2187805175781,413.7655663160149,407.6381200985592,411.9059457932463,2539100,LMT,3303
2022-06-01,408.4656677246094,412.6963217628986,405.85290296028063,411.9338704801002,1199000,LMT,3303
2022-06-02,410.14862060546875,411.4782709413656,400.22756028533877,410.75302001976706,1210000,LMT,3303
2022-06-03,411.61773681640625,415.23468424093727,408.33550749004786,409.1165447613433,928000,LMT,3303
2022-06-06,412.28717041015625,414.695375576261,410.5670157556366,412.66839602147036,690000,LMT,3303
2022-06-07,424.2724609375,424.61651461024127,410.4182920846983,410.976183982411,1126000,LMT,3303
2022-06-08,412.28717041015625,422.7289498354946,411.82226528058646,420.2742371310986,1151600,LMT,3303
2022-06-09,402.3475646972656,412.4173990260761,402.1430052705448,412.29654750736285,995100,LMT,3303
2022-06-10,399.9951171875,403.863131652928,395.86675695880086,400.7482613018043,1165700,LMT,3303
2022-06-13,394.17449951171875,398.29355260063795,391.93365313673746,394.61151151639245,1483000,LMT,3303
2022-06-14,386.9592590332031,394.38843605465894,382.2543916668217,394.2489701508927,1497800,LMT,3303
2022-06-15,385.0344543457031,389.59051918130353,380.171536218048,388.25159006729444,1241700,LMT,3303
2022-06-16,376.3779296875,383.9093990008267,374.7321472506433,381.6220451691884,1580300,LMT,3303
2022-06-17,375.6526794433594,376.9451010431212,366.9589472072819,375.2435606292692,3757100,LMT,3303
2022-06-21,389.5533142089844,390.98523001197293,380.30171877624775,383.0818424849771,1474400,LMT,3303
2022-06-22,386.28973388671875,390.910892612321,382.8866244893935,384.9972838376958,1073300,LMT,3303
2022-06-23,381.79876708984375,387.05219052122646,378.60021683283514,386.2153667811452,988700,LMT,3303
2022-06-24,389.62774658203125,390.0368654161278,381.8545171097574,386.6523420387037,1768000,LMT,3303
2022-06-27,389.82293701171875,393.48639156995927,388.1678759454748,389.6276848095341,779000,LMT,3303
2022-06-28,391.18048095703125,397.5496871478901,389.9159525770925,393.3097544760651,953300,LMT,3303
2022-06-29,389.48828125,394.620824300133,387.2009272991753,393.36557461991174,733800,LMT,3303
2022-06-30,399.78125,400.1159964811732,387.619343111531,388.80949922408934,1269500,LMT,3303
2022-07-01,403.09130859375,404.4302375548004,394.68584479727946,399.5766271648817,1296900,LMT,3303
2022-07-05,386.103759765625,395.88535473461184,378.62807637551765,394.97415872382015,1712800,LMT,3303
2022-07-06,395.9969177246094,397.8286167539685,386.13161579998655,387.6379039285418,1044900,LMT,3303
2022-07-07,392.556640625,397.9588365804989,390.10192763890734,394.6859143079358,1177100,LMT,3303
2022-07-08,390.8457946777344,397.00113478662144,390.492462197069,395.6715127677474,682000,LMT,3303
2022-07-11,389.6556396484375,393.3097876025536,386.22463710356186,388.5677490272688,602600,LMT,3303
2022-07-12,384.9321594238281,390.41806292857865,383.6397378540369,390.0275301148909,680500,LMT,3303
2022-07-13,379.3626403808594,388.44687770614996,379.1116017899271,380.39471629692025,1155500,LMT,3303
2022-07-14,372.21234130859375,376.91717893390006,369.6181627492028,374.8901993859577,1160700,LMT,3303
2022-07-15,370.4178466796875,375.3737232917957,369.8878479773408,375.3737232917957,1223200,LMT,3303
2022-07-18,360.0968933105469,371.9240801957954,359.8644407604245,371.89618702480294,2759700,LMT,3303
2022-07-19,362.9793395996094,363.1560058218578,347.4422178535811,352.23073509346654,3023800,LMT,3303
2022-07-20,367.4796447753906,369.58102523006306,358.59996735286643,363.239711882741,1560300,LMT,3303
2022-07-21,367.4610595703125,367.7864704905049,362.2913163239006,366.6428219268989,941000,LMT,3303
2022-07-22,367.0333251953125,373.75586418087374,365.8431690929821,371.8776575058779,769400,LMT,3303
2022-07-25,371.7381286621094,375.39230453030535,366.001215278094,366.6892657867329,1038300,LMT,3303
2022-07-26,368.95806884765625,374.6950115987643,368.7349234280295,372.09152540901704,992400,LMT,3303
2022-07-27,370.5666198730469,371.22677726755194,366.345272995405,369.869262119883,838600,LMT,3303
2022-07-28,377.577392578125,378.21896402048503,368.335103360725,371.1338133532687,1014600,LMT,3303
2022-07-29,384.7647705078125,385.0809025821794,373.7837139187031,377.9585527875175,1493500,LMT,3303
2022-08-01,389.8508605957031,398.4237126779619,387.3961761643661,388.88384994066325,1721900,LMT,3303
2022-08-02,398.68408203125,402.45910979445085,389.68352462418795,395.1787072155807,2453900,LMT,3303
2022-08-03,399.16754150390625,401.454895221103,390.18559917746984,397.28002777218296,1330500,LMT,3303
2022-08-04,398.0797119140625,404.1420652147983,396.9267561537874,400.4786101452453,1126400,LMT,3303
2022-08-05,396.48040771484375,397.81002961455005,390.08330840293564,395.4111315603635,932500,LMT,3303
2022-08-08,394.1093444824219,399.23260785209584,392.08236502193796,397.49386728849015,814800,LMT,3303
2022-08-09,398.47021484375,401.56649920501434,395.820278042033,396.98254098157906,747400,LMT,3303
2022-08-10,399.8091735839844,401.9105542142492,396.41537122466764,399.88357430793053,1409300,LMT,3303
2022-08-11,398.7491455078125,402.13364018237206,397.21496421609663,399.1117567628634,949300,LMT,3303
2022-08-12,403.76080322265625,403.8073107615666,397.20565215869595,398.7956197778311,978000,LMT,3303
2022-08-15,407.2662353515625,409.0886556694407,399.68825839410744,402.31033035820013,884900,LMT,3303
2022-08-16,409.26531982421875,413.76559843357524,406.25274342366794,406.25274342366794,851100,LMT,3303
2022-08-17,410.59490966796875,414.2211640100335,404.4674634542686,405.51815358907805,996500,LMT,3303
2022-08-18,408.5121765136719,413.3750664072245,406.20623666678813,410.8924887021379,866500,LMT,3303
2022-08-19,409.1444396972656,409.97198451390886,405.43450554875386,407.70324503133133,1013600,LMT,3303
2022-08-22,401.98486328125,410.64142303787696,401.5292653271593,407.7311123401093,1086700,LMT,3303
2022-08-23,402.7194519042969,404.2164613143614,400.0973799224476,402.54278566878196,915200,LMT,3303
2022-08-24,403.26800537109375,404.8858945407444,400.69244113127615,403.52835111239096,740200,LMT,3303
2022-08-25,407.8520202636719,408.03796530592837,402.0778776345284,403.2680337320967,727600,LMT,3303
2022-08-26,400.8691711425781,411.7014568666237,400.6925048926327,409.4885035256757,876200,LMT,3303
2022-08-29,399.5208435058594,403.44464372004165,396.54546786453113,397.64263710022925,868100,LMT,3303
2022-08-30,395.27166748046875,400.1624790413939,394.24889878760507,399.297762219001,976100,LMT,3303
2022-08-31,393.2125244140625,397.54609412556704,393.1282900743803,395.31846859720605,909300,LMT,3303
2022-09-01,395.5524597167969,396.46035678992973,391.05042135641406,391.4622527234246,948800,LMT,3303
2022-09-02,391.7711181640625,398.4352565389427,390.8164052479088,397.7800625205507,869800,LMT,3303
2022-09-06,391.0317077636719,396.17020233791214,389.159757412261,392.18296751272,962500,LMT,3303
2022-09-07,393.24066162109375,393.95198339931176,385.865171961325,388.75733210307123,1255700,LMT,3303
2022-09-08,392.7819519042969,394.111049137677,388.2143887658439,392.70708646300636,1112600,LMT,3303
2022-09-09,394.5416259765625,396.49781072218997,392.19231907784933,393.75541023408755,1284600,LMT,3303
2022-09-12,391.8366394042969,394.50414565526006,390.7696140529564,394.04552698513686,1349700,LMT,3303
2022-09-13,383.1227111816406,393.858347731827,381.2788389185132,390.60117235796446,1621200,LMT,3303
2022-09-14,389.9553527832031,391.6120186069787,382.1586633587969,383.9276702002609,1004100,LMT,3303
2022-09-15,387.1100158691406,388.27061608567567,384.4331402565004,388.27061608567567,1189200,LMT,3303
2022-09-16,387.76513671875,389.15036160221155,383.7591643863755,384.91976438358785,2023300,LMT,3303
2022-09-19,389.8523864746094,390.90070270946785,386.30506097374894,387.49373921449546,695500,LMT,3303
2022-09-20,393.6524658203125,394.4293412887648,385.9400387489885,389.36571165901694,1112100,LMT,3303
2022-09-21,393.29681396484375,406.01671426521034,393.1376856033095,400.588040642631,2106400,LMT,3303
2022-09-22,395.0563659667969,397.527353993452,386.5577244476913,392.9504219474087,1409900,LMT,3303
2022-09-23,386.623291015625,393.11896132810773,381.48476763404676,392.9036767445574,1874600,LMT,3303
2022-09-26,381.5502624511719,385.81830683068426,380.48326563814106,385.33161003782567,1208300,LMT,3303
2022-09-27,374.1466369628906,384.0492684480568,372.8643557844407,383.0009810193588,1051900,LMT,3303
2022-09-28,374.39007568359375,376.346260401397,366.059902212373,371.769356579287,1161500,LMT,3303
2022-09-29,364.8337707519531,373.8378473477605,361.18347328928735,373.4353848785797,1127700,LMT,3303
2022-09-30,361.557861328125,364.93671802714573,357.1213195387512,357.1962135490379,1343700,LMT,3303
2022-10-03,374.1466369628906,377.03879628218107,364.1691400458275,364.7868869728153,1273800,LMT,3303
2022-10-04,380.10888671875,381.7281341486184,374.23096342039236,377.30096103041933,1060000,LMT,3303
2022-10-05,376.7393493652344,381.5596154523466,375.12010214759755,380.1088368986414,828400,LMT,3303
2022-10-06,374.0250549316406,377.7596155923677,372.59301394555666,375.9063743194423,746700,LMT,3303
2022-10-07,378.0964660644531,378.76102890326905,370.65548169559986,373.04220660257914,1124700,LMT,3303
2022-10-10,383.7404479980469,391.82728711820624,380.14630679920776,381.4941133192343,1112500,LMT,3303
2022-10-11,384.7419738769531,389.5154532393458,379.6877133724127,379.6877133724127,1013600,LMT,3303
2022-10-12,371.9753112792969,382.7202892976724,371.7132393413779,380.8764168389824,921700,LMT,3303
2022-10-13,379.9684753417969,380.98868485838483,366.1722103556001,367.83824503023754,1012700,LMT,3303
2022-10-14,364.47808837890625,379.4256127403536,363.251963211481,378.4428216898107,1369100,LMT,3303
2022-10-17,371.87225341796875,374.96095972881886,367.0426186207961,367.83820314440663,1617200,LMT,3303
2022-10-18,404.1915283203125,407.6265698840665,375.83149108896663,377.3383974555372,4588500,LMT,3303
2022-10-19,411.7916564941406,418.91444288736676,402.796948194151,406.18517397549357,2623700,LMT,3303
2022-10-20,415.8912353515625,416.7991324783023,409.9103684119159,411.47343106944163,1781300,LMT,3303
2022-10-21,425.503662109375,425.5785561193108,411.9694690285787,415.31090727049866,1620200,LMT,3303
2022-10-24,428.17120361328125,436.33290843538344,426.3928564600625,429.68747885511715,2013600,LMT,3303
2022-10-25,430.6889343261719,433.8619036093446,423.23858056651443,424.9794805329435,1537000,LMT,3303
2022-10-26,432.94464111328125,440.50733593690455,430.97908768535626,432.5796256764386,1554600,LMT,3303
2022-10-27,441.71478271484375,443.8207269788931,434.6668903870399,434.83535907287654,1513700,LMT,3303
2022-10-28,453.8262634277344,459.69484586043035,442.0610490142694,443.65221818429,2045300,LMT,3303
2022-10-31,455.5203857421875,456.9711643839102,448.73456580643574,449.68927875402363,1288200,LMT,3303
2022-11-01,454.5376281738281,459.71356974183794,452.89030272773465,454.9120125305688,1229700,LMT,3303
2022-11-02,451.19622802734375,457.5795861059869,450.67208417093235,453.51745693694977,1291800,LMT,3303
2022-11-03,453.77947998046875,458.5997462998132,447.91089749753644,449.0527883253545,1291100,LMT,3303
2022-11-04,450.8311767578125,455.3519243015573,442.31379692144714,454.09772099011735,1481100,LMT,3303
2022-11-07,457.34552001953125,458.5903543408654,450.1665783978327,451.58927883786424,944800,LMT,3303
2022-11-08,462.4840087890625,462.9894433375603,455.67011124858715,457.57950843781776,1221000,LMT,3303
2022-11-09,454.1164245605469,460.911613411715,453.23660561868286,458.3938379279949,1383200,LMT,3303
2022-11-10,459.3485107421875,459.7697109821025,448.98728761544237,456.9992325560839,1601000,LMT,3303
2022-11-11,434.16143798828125,452.852863677947,432.99146900060487,449.96070376805454,3061800,LMT,3303
2022-11-14,432.45794677734375,441.7615416333602,429.95888067165674,437.42797231433985,2286700,LMT,3303
2022-11-15,437.3344421386719,444.5788815422228,428.72345828370993,436.0147135886835,3272800,LMT,3303
2022-11-16,436.3890380859375,439.2157012762409,432.03675941809473,435.45306295032856,1022600,LMT,3303
2022-11-17,442.5009460449219,444.3822651715953,434.53581721781586,435.2284296644267,1401900,LMT,3303
2022-11-18,446.29168701171875,450.08237502131794,442.5009704384243,443.3059239370191,2160300,LMT,3303
2022-11-21,450.1479187011719,452.9745535456511,447.61143388599993,447.8547680167017,1730500,LMT,3303
2022-11-22,448.80010986328125,453.2553609701901,448.59419417606205,452.0479449604185,838400,LMT,3303
2022-11-23,450.2696228027344,452.06667929676166,448.0700752406246,449.06220672588296,1020200,LMT,3303
2022-11-25,452.506591796875,453.48001406639065,450.59722282982653,453.2928075886652,321500,LMT,3303
2022-11-28,452.2725524902344,454.172580936873,449.26808020172007,449.3710237595259,939000,LMT,3303
2022-11-29,453.1055908203125,454.0415660012825,450.8966745401015,452.1696156393425,802600,LMT,3303
2022-11-30,456.95758056640625,457.6733665924153,449.93167395413997,452.0695759768122,1470000,LMT,3303
2022-12-01,455.54486083984375,459.604066587615,452.70060011907833,458.210175055011,913600,LMT,3303
2022-12-02,467.3551940917969,469.91692286733974,453.7742577817784,453.7742577817784,1744400,LMT,3303
2022-12-05,462.1187438964844,466.1779498872079,459.9054807277832,462.30708898504355,1357200,LMT,3303
2022-12-06,455.8368225097656,462.73089044245177,454.1415730963292,462.73089044245177,1076500,LMT,3303
2022-12-07,453.19976806640625,460.7719128810733,452.52166254281417,456.11936112733486,999800,LMT,3303
2022-12-08,457.13653564453125,460.36694265207024,453.52938098983293,457.0235228471075,762200,LMT,3303
2022-12-09,455.4413146972656,461.82679723052047,455.0928489474775,457.38147335018124,856400,LMT,3303
2022-12-12,458.0218505859375,458.8223962404,454.4241231687226,456.73157321832434,1129200,LMT,3303
2022-12-13,452.2767639160156,461.83614582763965,450.8169674449581,461.4876801372459,1730900,LMT,3303
2022-12-14,456.95758056640625,459.8583476991946,452.2014433992074,453.19033409993284,1071800,LMT,3303
2022-12-15,450.92999267578125,456.8728216866208,447.4735313909735,453.0113883040662,1067300,LMT,3303
2022-12-16,453.7554931640625,454.5277569588307,446.1079863176318,447.9539293084014,2590600,LMT,3303
2022-12-19,453.7554931640625,459.58531022268085,452.0037083552744,453.74606584913886,929700,LMT,3303
2022-12-20,457.8617858886719,462.85340551096147,453.78375357407384,454.78207175016894,1014300,LMT,3303
2022-12-21,459.2744140625,462.0245165394048,457.4284714020565,459.491041074283,988300,LMT,3303
2022-12-22,451.41033935546875,458.4927817819593,446.37166971996135,458.19139513789327,1520700,LMT,3303
2022-12-23,455.1681823730469,456.00637983631276,450.52502887038185,451.5987079993385,661600,LMT,3303
2022-12-27,457.24957275390625,460.77193925601074,455.36594938519806,456.7786669117292,788800,LMT,3303
2022-12-28,455.1021728515625,460.5458423952326,454.8007862611638,457.86167376174564,810300,LMT,3303
2022-12-29,458.7093811035156,461.08276500356783,455.1775871968307,455.8368668894702,764000,LMT,3303
2022-12-30,458.18194580078125,461.3087674135971,453.23743458011825,459.60409060638955,910000,LMT,3303
2023-01-03,449.7433166503906,456.0722920961626,446.4281499851998,455.26234787219516,1657200,LMT,3303
2023-01-04,448.7732849121094,451.78709391506476,441.99222902636603,445.7123968198442,1391300,LMT,3303
2023-01-05,449.31011962890625,450.31786505718213,442.55731701818416,448.0104148697186,1210100,LMT,3303
2023-01-06,445.70294189453125,459.6040912282403,438.66760762708225,452.0695979294167,1969200,LMT,3303
2023-01-09,432.2821350097656,443.3955301098043,428.8068476015417,440.57009506193526,2377000,LMT,3303
2023-01-10,435.39013671875,438.3850910121186,430.3137578844209,435.2865224865127,1003400,LMT,3303
2023-01-11,436.0588073730469,438.4604156577505,434.2128645299308,436.4072730955839,1056400,LMT,3303
2023-01-12,434.8721008300781,438.77121484599746,432.47049262616986,436.04936538921163,936600,LMT,3303
2023-01-13,423.6551208496094,427.3093546414709,418.8613030117079,420.51890070908274,2208600,LMT,3303
2023-01-17,421.1405334472656,427.1116163212396,420.6790549004397,424.09780731133264,1753100,LMT,3303
2023-01-18,415.59320068359375,422.148230213043,415.00928208143347,421.1404848877356,1645100,LMT,3303
2023-01-19,413.7472839355469,419.9726740423655,413.4835778166714,416.9965457054506,1469900,LMT,3303
2023-01-20,417.4862365722656,417.55217028098485,412.1555795735595,415.6591198053597,1410000,LMT,3303
2023-01-23,415.6026306152344,420.82967361065886,415.20705708835123,417.3261332338168,1739600,LMT,3303
2023-01-24,423.0900573730469,424.71937313084914,412.22154289727416,416.4408694313047,2865000,LMT,3303
2023-01-25,427.73321533203125,429.2871989257661,418.95552318045185,421.93165167251664,2352500,LMT,3303
2023-01-26,433.0544128417969,436.77458035906767,426.4805571723615,428.85394092706395,2168900,LMT,3303
2023-01-27,432.856689453125,439.52470404917625,430.8317999230604,434.04335272302575,1587700,LMT,3303
2023-01-30,433.7889709472656,439.5434543650983,433.13911868953414,435.11692865907315,1642000,LMT,3303
2023-01-31,436.3036804199219,436.5108801355594,432.30098085014293,435.3806946426621,2062000,LMT,3303
2023-02-01,435.3524475097656,438.2061357402004,433.0449974053635,435.59732774306207,1242500,LMT,3303
2023-02-02,430.5869140625,433.6383749193917,427.5072000029265,431.69824502373666,2104700,LMT,3303
2023-02-03,432.3669128417969,435.68210849916585,428.4678272570849,432.545859368385,1302900,LMT,3303
2023-02-06,441.8038635253906,442.4348612537038,435.82335362677435,436.6050446724578,1393500,LMT,3303
2023-02-07,441.07861328125,445.4674587792984,436.2000360990305,445.05305937661166,1334800,LMT,3303
2023-02-08,442.3218688964844,443.9512135204146,436.3602133506071,437.91419694146316,865000,LMT,3303
2023-02-09,442.73626708984375,446.7389668915629,440.9562578884689,444.9401030610669,799000,LMT,3303
2023-02-10,452.8513488769531,453.821413867848,444.893056522241,444.893056522241,1436300,LMT,3303
2023-02-13,453.9249267578125,461.0167667804731,452.163743708127,456.9575611843656,1203100,LMT,3303
2023-02-14,453.5576477050781,456.7786562366904,451.74938540879236,454.3770479944384,875600,LMT,3303
2023-02-15,452.5498962402344,456.07226238892594,449.6208472500342,452.85125410521437,927100,LMT,3303
2023-02-16,443.8287658691406,449.7904213138873,438.9784413379782,449.2441831715227,1939500,LMT,3303
2023-02-17,447.95391845703125,447.982171659304,443.44263221538824,444.33736485704844,1184200,LMT,3303
2023-02-21,451.30670166015625,454.32990884012185,447.5488825838866,452.5498998667658,1379400,LMT,3303
2023-02-22,451.6269226074219,453.6424132596625,449.6867929797973,450.94881709492523,900300,LMT,3303
2023-02-23,451.2031555175781,454.9798297903895,447.85973533904644,452.0696349643243,917400,LMT,3303
2023-02-24,452.44635009765625,453.76488077349103,449.526727981428,451.5610447706358,1009300,LMT,3303
2023-02-27,451.5893249511719,455.93109223883056,449.42316933587944,452.56881725822745,1149000,LMT,3303
2023-02-28,449.4758605957031,453.52270609634496,447.1633691888298,452.1105806185804,1155500,LMT,3303
2023-03-01,449.5421447753906,452.2811311778304,446.6610318768411,448.5375412516066,957700,LMT,3303
2023-03-02,453.31414794921875,454.1292205233489,448.253212776802,448.26269944527775,835700,LMT,3303
2023-03-03,452.9161376953125,454.4799051729952,451.4850389697361,453.8733368125912,1060500,LMT,3303
2023-03-06,455.0769958496094,456.62179001979837,451.90205640934136,451.90205640934136,905700,LMT,3303
2023-03-07,453.6458740234375,459.7398439082248,453.02036126727324,456.3374559627449,1137900,LMT,3303
2023-03-08,454.4419860839844,462.15661470460725,451.7977795681437,455.90151588949135,1252900,LMT,3303
2023-03-09,450.9827575683594,458.0055249157717,449.8075385476914,457.75910289288163,1035000,LMT,3303
2023-03-10,450.6510314941406,457.095661384885,449.627483517713,450.850049087907,1335000,LMT,3303
2023-03-13,452.3853759765625,453.87333687077114,446.1966259797058,447.21071618832735,1701000,LMT,3303
2023-03-14,453.8448791503906,456.11945252315974,450.05391388818555,455.19068454449206,1761400,LMT,3303
2023-03-15,448.5754699707031,450.30036622267903,440.2922195700209,450.17715521571336,2273300,LMT,3303
2023-03-16,448.50909423828125,453.06772768602684,443.2965169641399,446.3293007654755,1633000,LMT,3303
2023-03-17,441.5242614746094,450.10133811138826,439.0791014989225,449.34312767192534,6525100,LMT,3303
2023-03-20,450.8405456542969,452.8023481538761,440.89871980108,443.75143035465584,1515400,LMT,3303
2023-03-21,449.94970703125,454.2050565741223,446.67050103054464,453.84491022191304,1069000,LMT,3303
2023-03-22,444.3959045410156,451.85462419202935,443.8462272947828,450.5941409471951,1261700,LMT,3303
2023-03-23,443.44818115234375,446.33880968394527,442.1213490191557,444.1400427645071,1168500,LMT,3303
2023-03-24,449.7411804199219,450.81213275423545,442.7373580836348,443.4481640836372,1126000,LMT,3303
2023-03-27,448.6512756347656,452.60334072723737,447.72247873253536,452.1768455657673,1273000,LMT,3303
2023-03-28,446.80316162109375,450.75522665273115,446.5377952135084,449.22937703980784,1076100,LMT,3303
2023-03-29,449.4094543457031,449.5136920069301,446.0828730905183,446.63257924736644,1146400,LMT,3303
2023-03-30,448.4522399902344,450.9353176715667,447.07803240190634,449.74118325152796,950300,LMT,3303
2023-03-31,448.0257568359375,450.50883442357633,446.4145850508072,449.4094510407345,1409600,LMT,3303
2023-04-03,461.18988037109375,462.40298811393717,448.04471278030684,448.28164811229004,1656700,LMT,3303
2023-04-04,463.0095520019531,464.9903278875856,459.4176043051935,460.2137035422824,1081100,LMT,3303
2023-04-05,464.3837890625,468.02311248729654,461.57848267890574,462.4977929734893,1305900,LMT,3303
2023-04-06,464.55438232421875,471.0084984937065,463.454998906256,465.78643448907576,1093300,LMT,3303
2023-04-10,470.79046630859375,472.3732069233591,466.0707044676771,466.0707044676771,1024400,LMT,3303
2023-04-11,462.3460998535156,470.7904780795345,461.5594873217461,470.4398184356336,1224200,LMT,3303
2023-04-12,462.5926208496094,465.5780007185167,456.5175945094501,457.56957366630974,1105600,LMT,3303
2023-04-13,466.42138671875,467.719787587074,460.5832972223572,461.379396391488,909500,LMT,3303
2023-04-14,462.4883117675781,465.814893302605,459.7588119360455,464.33641904765346,843200,LMT,3303
2023-04-17,464.05206298828125,466.5351405611447,461.14249026225366,461.14249026225366,1287800,LMT,3303
2023-04-18,475.20697021484375,481.5473618458271,471.97516890083466,472.92291020384835,2561800,LMT,3303
2023-04-19,469.2835998535156,477.02663031329433,468.0704921095258,475.76614707197103,962200,LMT,3303
2023-04-20,464.9619445800781,469.9186136763128,463.5024147007293,469.9186136763128,839900,LMT,3303
2023-04-21,457.3325500488281,465.60634196123135,455.4939296238496,465.56842421107956,1382500,LMT,3303
2023-04-24,455.78778076171875,458.2613717914005,453.7027382317885,457.18096169699703,955200,LMT,3303
2023-04-25,450.7268371582031,455.78780162866565,450.7078927426166,455.57929736612687,839100,LMT,3303
2023-04-26,437.4963684082031,449.18203574557293,435.5819412450523,449.18203574557293,1571900,LMT,3303
2023-04-27,440.69976806640625,441.96025145119955,437.05095775054906,437.7143883253498,1491400,LMT,3303
2023-04-28,440.178466796875,441.79909635258383,438.23557974094825,440.52912645695767,1040000,LMT,3303
2023-05-01,444.8982238769531,446.461991351139,440.27324136891457,440.7376543071764,1524500,LMT,3303
2023-05-02,434.9090576171875,444.04526951974685,433.35474786438806,443.90311409669124,1105500,LMT,3303
2023-05-03,429.3931884765625,435.45872744629486,429.0330421291333,434.25510632131375,1116700,LMT,3303
2023-05-04,428.3127136230469,430.31246278186774,422.891632295249,429.9523164645504,962700,LMT,3303
2023-05-05,431.734130859375,433.2126051480626,428.4549247499257,429.0330620510051,930000,LMT,3303
2023-05-08,427.3934326171875,434.349850680188,426.54995785252936,432.63444114441063,808300,LMT,3303
2023-05-09,428.4169921875,430.18926381914065,426.5783717223358,429.2320358355781,623800,LMT,3303
2023-05-10,429.4689636230469,429.6016612877637,425.2609899439605,429.1467350522949,850900,LMT,3303
2023-05-11,427.1375732421875,428.587616425112,425.09993501978374,427.0333066485016,645400,LMT,3303
2023-05-12,427.2322998046875,430.15133022171915,424.398533709374,429.13724011042893,696500,LMT,3303
2023-05-15,428.3032531738281,429.65851626652983,425.933899967244,427.2323008968091,668300,LMT,3303
2023-05-16,424.3322448730469,428.79609853133377,424.2658960371092,428.4643832744162,569500,LMT,3303
2023-05-17,433.4021301269531,434.4541381195229,426.42676731431624,426.48362948442576,1101900,LMT,3303
2023-05-18,431.9330749511719,432.871329533959,425.9149122254446,431.6108463967073,1456500,LMT,3303
2023-05-19,430.73895263671875,434.32141374729844,429.19412962388776,433.1462237402336,804100,LMT,3303
2023-05-22,430.9569396972656,433.4684484428223,427.9905047000954,430.27456478123037,628000,LMT,3303
2023-05-23,428.9761962890625,432.54917096968546,426.48363176907964,428.48335224844396,1027200,LMT,3303
2023-05-24,429.06146240234375,432.8713721929354,427.60193263424287,429.55427748901457,858600,LMT,3303
2023-05-25,419.6883239746094,427.90525488411856,416.7219175991135,427.90525488411856,1205000,LMT,3303
2023-05-26,425.01458740234375,428.16106646188337,418.99642450653783,419.7166882098508,1135500,LMT,3303
2023-05-30,424.5597229003906,425.58327090272957,421.0246370096935,424.6639605731259,1163300,LMT,3303
2023-05-31,423.64373779296875,425.4756531071901,422.6800561125881,424.22574375826514,1673500,LMT,3303
2023-06-01,429.0440979003906,430.1031693297118,423.08077917376096,425.1607777573453,878700,LMT,3303
2023-06-02,433.64300537109375,435.42722575013505,429.8932773866923,431.38171947390157,894200,LMT,3303
2023-06-05,433.83380126953125,435.8088593119331,431.72518003620365,435.2173027854782,807200,LMT,3303
2023-06-06,437.5931396484375,438.27056455880853,433.54763320754745,435.5799079386605,816800,LMT,3303
2023-06-07,440.57000732421875,442.47826940250445,434.13917343808174,437.10650699328716,893100,LMT,3303
2023-06-08,442.8790283203125,445.0258232120421,440.29331217481325,440.98028770487747,863400,LMT,3303
2023-06-09,441.46685791015625,444.0430231591733,439.27236834082044,444.0430231591733,713100,LMT,3303
2023-06-12,438.7762145996094,441.6386075753968,437.1637308938278,441.56228990785996,954400,LMT,3303
2023-06-13,431.6202392578125,436.00924771641394,425.4374889638119,435.0932901020745,1486300,LMT,3303
2023-06-14,431.7919921875,432.62211065446036,427.99456926887405,430.7042979389011,945700,LMT,3303
2023-06-15,435.03607177734375,437.478644980181,433.09918687545866,433.17550454902323,892400,LMT,3303
2023-06-16,438.1083984375,440.58911605106636,435.6562744750032,436.7344472976138,1642800,LMT,3303
2023-06-20,437.3545837402344,440.70359295445945,436.4958716415984,438.40413369090857,774800,LMT,3303
2023-06-21,444.66326904296875,445.7414418521976,437.00159742219626,439.91168565002255,906900,LMT,3303
2023-06-22,442.1729431152344,444.6727617938343,440.3314771869856,444.16707350478754,688500,LMT,3303
2023-06-23,438.2896728515625,444.07173443218517,437.116110167713,442.2588619456709,1347800,LMT,3303
2023-06-26,432.030517578125,435.2364129715658,426.19124034902967,435.02650298081807,997200,LMT,3303
2023-06-27,432.3644714355469,434.7307268778962,431.66797441738413,432.0209982404696,671100,LMT,3303
2023-06-28,429.0345458984375,432.9464887941291,426.93544606628086,432.77472308584925,848900,LMT,3303
2023-06-29,436.45770263671875,436.54357093566904,428.194924385982,429.28264774155576,684200,LMT,3303
2023-06-30,439.26287841796875,441.44784677970324,435.83755127915606,438.1751549925372,982700,LMT,3303
2023-07-03,441.3619079589844,442.0775062135092,436.56263016334844,438.9002627752366,385400,LMT,3303
2023-07-05,441.53369140625,442.09662522829086,437.88890382852594,440.3982731340388,625500,LMT,3303
2023-07-06,440.4650573730469,441.7626615817259,438.27053855975555,441.7626615817259,675900,LMT,3303
2023-07-07,437.6694641113281,440.7036231068282,437.0874581229971,438.9003013703205,639400,LMT,3303
2023-07-10,439.26287841796875,441.3714999861097,437.03973665943744,437.4691072995331,718400,LMT,3303
2023-07-11,444.9017639160156,445.6746077170453,438.69991225190154,440.11200753389744,709200,LMT,3303
2023-07-12,440.7703857421875,445.7891245427047,439.96891912879556,445.7700524034941,1067100,LMT,3303
2023-07-13,444.9876403808594,445.9990169567626,439.2151301015053,439.8544107119721,821700,LMT,3303
2023-07-14,443.0126037597656,445.12122531422057,441.1520364884541,444.62508763016353,932900,LMT,3303
2023-07-17,448.4129333496094,452.24852936844394,444.2624578045753,444.9017383665976,1886300,LMT,3303
2023-07-18,434.79754638671875,457.5058545263186,433.44266743636535,452.61115740924805,3122600,LMT,3303
2023-07-19,430.7996826171875,438.21326975508157,427.5556140322426,436.03785231306625,2141500,LMT,3303
2023-07-20,435.09332275390625,437.18287214682493,431.26724780853795,431.86835504729123,1353800,LMT,3303
2023-07-21,433.900634765625,435.98063341434835,432.55530652463386,433.94832966982483,934300,LMT,3303
2023-07-24,435.8470153808594,436.94428929040123,433.2136337041516,435.0837222520851,892200,LMT,3303
2023-07-25,433.3186340332031,433.9006691465072,426.8973503538432,431.67752737349366,1207800,LMT,3303
2023-07-26,432.04010009765625,436.0856066349438,431.14321453623563,433.4903688840232,1322300,LMT,3303
2023-07-27,428.06134033203125,431.66795430111114,424.8936184643532,430.7901409805404,1603600,LMT,3303
2023-07-28,428.40484619140625,429.97915661777625,426.0099679117147,427.45071513084633,1163100,LMT,3303
2023-07-31,425.8954772949219,429.0822715464391,424.2352985654732,429.0822715464391,1806000,LMT,3303
2023-08-01,430.58026123046875,432.33585887710746,426.40116255174695,426.52520424770967,1047900,LMT,3303
2023-08-02,427.98504638671875,432.3454325274555,427.36486699164993,430.5802841585901,905700,LMT,3303
2023-08-03,427.3743591308594,429.5497765891336,425.52334270995084,426.80187472231,1240700,LMT,3303
2023-08-04,425.2752380371094,429.63562336268535,424.8840408628248,428.00403851237934,846800,LMT,3303
2023-08-07,429.1490783691406,429.8074311474002,425.809619570687,426.80192405234595,746800,LMT,3303
2023-08-08,428.853271484375,429.8455758999092,427.0404283667148,428.4048287394693,791600,LMT,3303
2023-08-09,432.04010009765625,433.2232133413301,429.34944341339445,429.4353117180704,1211700,LMT,3303
2023-08-10,429.40667724609375,433.14688385962626,428.65293466411384,431.2672444833399,688700,LMT,3303
2023-08-11,433.2231750488281,433.2613484423445,429.8550937357574,430.48482369882316,690500,LMT,3303
2023-08-14,429.435302734375,434.7116464305122,429.0345839876034,433.73844321344006,752300,LMT,3303
2023-08-15,423.23345947265625,429.35899393122736,422.9472317904769,427.45073173597746,725300,LMT,3303
2023-08-16,424.71234130859375,426.5251844047592,422.0121342432729,422.54644527966343,822000,LMT,3303
2023-08-17,426.19122314453125,429.5688549982987,425.9622410248748,426.1530788697665,635800,LMT,3303
2023-08-18,429.41619873046875,434.482632048801,424.9508726054585,424.98904599871787,1074100,LMT,3303
2023-08-21,430.7806396484375,432.2500096907304,428.4048625346955,429.2063291620088,573500,LMT,3303
2023-08-22,432.16412353515625,433.07055968693436,429.79786803004066,431.0191546189912,671800,LMT,3303
2023-08-23,433.7193298339844,434.02465873814833,431.3530745033638,433.7288513437747,1043200,LMT,3303
2023-08-24,431.7919921875,436.6771675902621,431.68705174921996,432.4694461933332,697800,LMT,3303
2023-08-25,430.39898681640625,434.37772624507517,428.4621018822667,434.37772624507517,785200,LMT,3303
2023-08-28,431.5725402832031,432.5361927917256,429.6165542653756,430.13179315760425,641000,LMT,3303
2023-08-29,427.8323669433594,432.46945909540955,424.10171095699104,431.57257355813584,1053700,LMT,3303
2023-08-30,431.658447265625,435.0074566886095,427.91824060401456,428.8246767810465,875900,LMT,3303
2023-08-31,430.6402587890625,435.7020841526584,430.4385619599618,433.0126953908528,826300,LMT,3303
2023-09-01,430.4770202636719,434.0404975049622,430.0928260035617,432.5325049890831,668600,LMT,3303
2023-09-05,427.6051025390625,430.6210580387008,427.47061843615415,430.30410585806703,854000,LMT,3303
2023-09-06,407.1944274902344,423.90712389116385,406.92548862629803,422.8505678856505,2548000,LMT,3303
2023-09-07,409.115478515625,410.88279545681013,405.3311051885614,407.2521056870854,1195700,LMT,3303
2023-09-08,406.3780517578125,409.5957334933935,405.5712350563297,409.4900632224091,1162300,LMT,3303
2023-09-11,404.0440368652344,406.0322794087061,400.0675517782911,405.542414903524,1618300,LMT,3303
2023-09-12,401.3258056640625,403.5157450566871,399.5104754379294,402.96828219263693,1307700,LMT,3303
2023-09-13,404.3609924316406,405.57123213120695,402.0461833027302,403.2372235495932,971500,LMT,3303
2023-09-14,409.0674743652344,409.80704902131487,404.1112894508807,404.1112894508807,992400,LMT,3303
2023-09-15,407.3001403808594,411.9393732434147,406.9735737964042,407.1656855812098,1678500,LMT,3303
2023-09-18,412.880615234375,414.4078363963731,409.7494044135212,410.76753231342605,951200,LMT,3303
2023-09-19,408.5104064941406,414.05248302883837,408.270281403713,413.2552806259623,862300,LMT,3303
2023-09-20,410.0856018066406,413.8315469954336,409.81666290365405,410.0856018066406,1044100,LMT,3303
2023-09-21,401.0472717285156,409.7589864827984,400.71109078769405,408.913770907893,1669400,LMT,3303
2023-09-22,397.3109436035156,401.00887562439675,396.907549891939,399.51049749996923,1453300,LMT,3303
2023-09-25,396.5905456542969,397.59908849973755,395.25546555486113,396.9075271502307,748300,LMT,3303
2023-09-26,392.6044616699219,395.0249116518834,391.6439614578854,394.41020675849296,1108000,LMT,3303
2023-09-27,392.5756530761719,393.8050921915036,389.69415240159987,393.01747497220686,1317700,LMT,3303
2023-09-28,394.7271728515625,396.5521174563623,392.6717175676297,393.7090449358697,819700,LMT,3303
2023-09-29,392.8061828613281,395.19784846983947,391.490302179195,394.7271834045046,763800,LMT,3303
2023-10-02,391.711181640625,394.75595072800996,389.857423369793,392.80613657890854,733200,LMT,3303
2023-10-03,387.8788146972656,391.4038636178661,386.6878037314183,391.29822265702455,899200,LMT,3303
2023-10-04,385.4775390625,386.12108710501684,381.4242269756284,384.8340203321236,1243400,LMT,3303
2023-10-05,381.6548156738281,385.5736441607316,379.0326391952322,385.12220782878603,1162800,LMT,3303
2023-10-06,384.9012756347656,386.52452340181475,378.21617279176246,379.7817928887979,1135000,LMT,3303
2023-10-09,419.28717041015625,419.3544124621613,406.66621244422305,411.78566584824733,5343700,LMT,3303
2023-10-10,417.9136962890625,425.1366481637381,415.44520342469167,424.08009194628914,2626200,LMT,3303
2023-10-11,419.4024353027344,421.46750501228604,416.1847535490812,417.54867682419655,1419500,LMT,3303
2023-10-12,416.9915771484375,421.7460356224218,413.1207331447601,420.74710719204893,1121900,LMT,3303
2023-10-13,423.6382141113281,425.6168421701568,417.5006331010771,421.20814978788474,1519300,LMT,3303
2023-10-16,423.0138854980469,425.98182752070056,417.231684998163,422.0629997048863,1931300,LMT,3303
2023-10-17,423.7054748535156,434.90491115066845,417.94247342314037,419.3159817291326,3103900,LMT,3303
2023-10-18,428.4503479003906,430.1984653672438,422.8794289365961,425.7993578654767,2024100,LMT,3303
2023-10-19,431.4375305175781,431.9081956107975,424.72364260129797,426.13557925666845,2012400,LMT,3303
2023-10-20,426.6253662109375,434.722375472563,426.47168266887275,433.54094973101843,1714600,LMT,3303
2023-10-23,428.53680419921875,434.20374993268064,425.9722555796683,426.6638169469067,1502400,LMT,3303
2023-10-24,423.48455810546875,432.8110074079994,422.94668030568613,431.38948578520603,1367100,LMT,3303
2023-10-25,430.0063781738281,431.6296260126698,426.1547626220965,426.788696332426,1228900,LMT,3303
2023-10-26,428.3542785644531,433.27203493522524,426.1547248826327,430.3137071944808,1432000,LMT,3303
2023-10-27,425.876220703125,429.9775462258215,422.8506214603292,425.90503453819247,1288400,LMT,3303
2023-10-30,428.22943115234375,429.2091308623162,425.3095021630578,426.86553720191984,948800,LMT,3303
2023-10-31,436.68182373046875,437.15245944721806,427.81639635782807,429.6317264882468,1418700,LMT,3303
2023-11-01,434.5111389160156,438.66050732821606,433.62746572536156,438.3050975880535,1267000,LMT,3303
2023-11-02,439.9475402832031,440.12042329233265,432.94548529204536,432.94548529204536,1242000,LMT,3303
2023-11-03,435.4331970214844,439.6786211915631,433.3104995925163,437.13327197878334,1365400,LMT,3303
2023-11-06,433.3393249511719,436.8739590698971,432.8398753405292,436.8739590698971,1440800,LMT,3303
2023-11-07,432.3691711425781,435.260286204536,431.9273492457405,435.260286204536,1220100,LMT,3303
2023-11-08,427.0960388183594,433.9251814322663,426.49091897922517,432.3691757385731,1386400,LMT,3303
2023-11-09,424.98291015625,428.00847992290824,422.312720773542,427.8163974702502,1775500,LMT,3303
2023-11-10,427.2977600097656,428.219832082249,423.5518147351679,426.4717438288652,1525400,LMT,3303
2023-11-13,427.451416015625,430.85159503588176,425.78015499596995,427.422602181222,1003800,LMT,3303
2023-11-14,426.67340087890625,429.08426576566404,424.40660516001174,425.5015894600521,1336800,LMT,3303
2023-11-15,427.55706787109375,430.31369872145257,425.95301965936113,425.95301965936113,1098400,LMT,3303
2023-11-16,427.9893493652344,429.9872065170267,426.02992043501536,428.19104623224166,912900,LMT,3303
2023-11-17,427.1152648925781,429.56455823639686,426.67344296350547,428.997866578813,898600,LMT,3303
2023-11-20,426.27960205078125,427.9892912769447,423.3500880925591,426.4909132725381,982000,LMT,3303
2023-11-21,430.44818115234375,430.8516041546647,426.61579453493135,427.4226112274318,1177800,LMT,3303
2023-11-22,432.6092834472656,433.85795129232616,429.82383873465335,429.82383873465335,833800,LMT,3303
2023-11-24,434.1557312011719,434.7128084537296,431.9753768547232,433.8483640835544,326600,LMT,3303
2023-11-27,427.89324951171875,434.9433178707671,427.83562184135076,434.0116314502964,1496900,LMT,3303
2023-11-28,430.5634460449219,433.07036699522183,428.38312098153494,430.16963741624863,1124900,LMT,3303
2023-11-29,427.4322204589844,431.78328536633586,426.3756643343441,431.78328536633586,1272900,LMT,3303
2023-11-30,433.14923095703125,433.2362886998517,428.0610025762947,428.53499346090825,1514500,LMT,3303
2023-12-01,434.7356872558594,435.9448717525142,433.5168198364774,433.75865673580836,856600,LMT,3303
2023-12-04,435.9739074707031,436.2350807042496,431.5434387757571,432.76230624118796,1265700,LMT,3303
2023-12-05,431.6692199707031,435.92557338643536,431.34032530150716,435.58699579366913,1055700,LMT,3303
2023-12-06,434.7356872558594,435.7320541002587,430.9533546077903,430.9533546077903,864100,LMT,3303
2023-12-07,432.5107727050781,436.6510487871169,431.71757010647923,435.71272043115033,861100,LMT,3303
2023-12-08,433.39105224609375,435.8191041191074,432.8493399628796,433.92311112785774,761100,LMT,3303
2023-12-11,436.5252685546875,438.4599636710636,434.83241032785844,437.12501931738734,1021600,LMT,3303
2023-12-12,436.8831481933594,438.9339201326413,435.6642809188003,436.93150375903775,1008200,LMT,3303
2023-12-13,436.69940185546875,439.3596077490712,435.79009275196705,438.16010617470977,1300300,LMT,3303
2023-12-14,430.7308349609375,436.14798717031215,427.02590681652015,435.7997562208253,1891000,LMT,3303
2023-12-15,427.38385009765625,430.0343731325993,424.3850665681572,426.6003008862883,3973400,LMT,3303
2023-12-18,432.3173522949219,432.6559298848595,427.82884491986925,428.2544802578866,1197300,LMT,3303
2023-12-19,433.1685791015625,433.9424453535249,431.58211490760283,433.0621555172822,695000,LMT,3303
2023-12-20,428.1480407714844,433.90374110550056,428.11902152520247,433.41041391870806,1306800,LMT,3303
2023-12-21,433.39105224609375,433.46845658432744,429.7151432498396,429.73447957384536,637200,LMT,3303
2023-12-22,433.5845031738281,436.98955578976154,433.47807959649407,435.30638056499663,623600,LMT,3303
2023-12-26,435.48052978515625,436.6993971919626,433.19760364915663,433.51681536369347,516900,LMT,3303
2023-12-27,434.3100280761719,436.29307873322995,433.7683158131383,433.9037291183446,699900,LMT,3303
2023-12-28,436.49627685546875,437.07666181012513,433.81670505667677,434.3100617892412,741800,LMT,3303
2023-12-29,438.44061279296875,438.692132613437,436.4188598698739,437.241111226623,832400,LMT,3303
2024-01-02,441.2265930175781,446.962957336099,439.4660132588992,439.4660132588992,1206500,LMT,3303
2024-01-03,444.12860107421875,448.9460024860819,442.861378149283,443.809389372981,1174300,LMT,3303
2024-01-04,442.91943359375,448.80092343670134,442.8226929311221,447.2144592286995,1087700,LMT,3303
2024-01-05,441.59417724609375,445.0862878949299,438.4696338857358,445.0185959993006,705300,LMT,3303
2024-01-08,443.6256103515625,443.7126680920657,438.72115098880846,439.57242159075855,716000,LMT,3303
2024-01-09,441.3910217285156,443.63524560783105,438.4696132348487,443.5772071165361,732900,LMT,3303
2024-01-10,440.5300598144531,444.65096974421374,439.93030906847184,441.3039555520933,666100,LMT,3303
2024-01-11,438.3341979980469,442.8516945035306,434.68727885815275,441.65219299391254,784800,LMT,3303
2024-01-12,448.0560607910156,448.24954212226834,441.6232050617986,442.4357735150686,965500,LMT,3303
2024-01-16,442.8904113769531,451.04514437089205,441.45872633453604,451.04514437089205,814900,LMT,3303
2024-01-17,441.56512451171875,447.6787679353188,440.2204972861201,442.72595334646434,920800,LMT,3303
2024-01-18,444.5639343261719,444.96055037641577,438.73082960092154,441.20723704347887,780300,LMT,3303
2024-01-19,442.81304931640625,445.8021498747063,441.07180591393706,445.5216108032168,864800,LMT,3303
2024-01-22,443.7803649902344,445.78275195339097,440.56876408616955,442.6485553840119,1216800,LMT,3303
2024-01-23,425.3137512207031,444.0125681720834,419.72248302456563,443.61595209588916,3613500,LMT,3303
2024-01-24,417.5555725097656,428.72845465120554,417.45883184858553,425.16859315907055,1768900,LMT,3303
2024-01-25,416.96551513671875,419.7708172547817,411.84823809912535,415.9594653731624,1813900,LMT,3303
2024-01-26,415.8724060058594,419.26780549389224,412.7768819090715,417.8651396797934,1260500,LMT,3303
2024-01-29,414.0344543457031,417.92318105717135,411.67412384786496,416.92681421332946,1903300,LMT,3303
2024-01-30,417.5845947265625,417.74905680384916,413.811945082541,417.1879786776762,1016400,LMT,3303
2024-01-31,415.38873291015625,419.55799866885263,415.0501553488273,418.23273719155037,1120100,LMT,3303
2024-02-01,415.7369689941406,417.67166420144565,412.76723428696806,416.1819701470171,1175000,LMT,3303
2024-02-02,412.0610656738281,414.89538710711935,410.52298650503417,414.16022299240996,973400,LMT,3303
2024-02-05,407.93048095703125,410.5132824300186,406.1215162083715,410.1553685534784,1379600,LMT,3303
2024-02-06,413.00909423828125,415.0114814535563,406.6342471958521,408.201375198961,1065700,LMT,3303
2024-02-07,416.0562438964844,416.24004231773716,412.6124885105505,412.6124885105505,980700,LMT,3303
2024-02-08,413.05743408203125,415.717640039234,411.82891323121237,415.34036029699047,972200,LMT,3303
2024-02-09,412.5737609863281,413.7055706939128,410.61004649354464,413.57012785663494,1038600,LMT,3303
2024-02-12,414.09246826171875,416.49147126584126,412.09005177016496,412.81556242468986,1007200,LMT,3303
2024-02-13,412.59307861328125,417.7974133097331,409.4201797361913,415.321005870107,1089300,LMT,3303
2024-02-14,404.53509521484375,414.50844660938094,400.40453159034837,413.7152144922976,2503800,LMT,3303
2024-02-15,409.30413818359375,409.5266387735404,404.91237153047035,404.91237153047035,1136700,LMT,3303
2024-02-16,410.22308349609375,411.27748878532964,408.7430429222539,409.3040915131749,805500,LMT,3303
2024-02-20,410.4165344238281,414.30529046845743,409.9328606488129,411.3065071591421,1363900,LMT,3303
2024-02-21,413.5894775390625,414.2376134563415,410.51331908530227,412.2932352256121,970000,LMT,3303
2024-02-22,414.8857421875,415.45647375077573,409.9909359850451,411.2098034543736,1236900,LMT,3303
2024-02-23,417.0428771972656,417.34275258050997,414.21823884133084,414.86634517759256,842200,LMT,3303
2024-02-26,415.1662292480469,418.329474743002,412.85428387196987,417.41048272924627,980600,LMT,3303
2024-02-27,416.37542724609375,417.14932305151353,412.5737582004959,414.6825689181902,887000,LMT,3303
2024-02-28,418.3584899902344,420.81553157628235,416.77202579662367,417.7780755408376,1029300,LMT,3303
2024-02-29,417.29632568359375,419.74219219889045,416.63371020730443,418.35846718644916,1503100,LMT,3303
2024-03-01,415.5617980957031,417.9492001932281,413.16467177000885,416.9650012467683,1058600,LMT,3303
2024-03-04,420.9017639160156,422.79218954219976,416.0392930179722,417.6178891158228,1271900,LMT,3303
2024-03-05,420.9407653808594,424.86777757470566,418.77749627297743,422.6557683737889,1038000,LMT,3303
2024-03-06,422.4024353027344,422.72398907271105,419.9078584463331,420.940767781982,775300,LMT,3303
2024-03-07,419.0016174316406,424.44876169129293,418.50467067789936,422.90915159725625,1085800,LMT,3303
2024-03-08,421.8372802734375,421.91525253500134,416.64350094509655,417.54972775626993,762800,LMT,3303
2024-03-11,423.6399841308594,424.86779440599247,421.544933227609,423.2112259312162,951000,LMT,3303
2024-03-12,423.7958984375,424.64366086931375,421.3013214992676,421.8567623124224,825100,LMT,3303
2024-03-13,423.49383544921875,426.60231761680006,422.65579722129746,424.5754552081326,987100,LMT,3303
2024-03-14,424.6338806152344,426.4268558199858,422.227000311601,425.208799588141,1153600,LMT,3303
2024-03-15,424.6826477050781,427.0115559048144,422.08086634386865,422.08086634386865,5151300,LMT,3303
2024-03-18,422.12957763671875,424.9457081680205,420.6484022335669,424.6826187287399,965300,LMT,3303
2024-03-19,426.0176086425781,426.11505908936664,422.8896485432646,424.12718297814536,898700,LMT,3303
2024-03-20,429.15533447265625,429.6912673381333,425.40371520121107,425.8617055497413,845000,LMT,3303
2024-03-21,431.8350830078125,432.54643861813963,428.1029417174287,430.081064030181,912100,LMT,3303
2024-03-22,434.48553466796875,434.8460745543851,432.33201957768426,433.1407958306424,1007600,LMT,3303
2024-03-25,434.904541015625,437.08728827669756,433.44287353093506,436.41491885472414,775000,LMT,3303
2024-03-26,434.59271240234375,437.1555074889605,434.4660297953701,435.0896888642553,766700,LMT,3303
2024-03-27,445.10699462890625,445.42854840061597,436.41493197406413,436.43443990657516,1277700,LMT,3303
2024-03-28,443.24578857421875,445.42853583935397,442.34931583505306,445.1264602709719,1119500,LMT,3303
2024-04-01,441.218994140625,443.7232953844503,439.68910823476915,442.53450094032456,717100,LMT,3303
2024-04-02,441.657470703125,444.04487300182694,440.99485519753625,442.0375185516765,837900,LMT,3303
2024-04-03,436.4538879394531,442.54416888786506,436.1518123834279,441.34562062934555,758600,LMT,3303
2024-04-04,442.43701171875,444.3274373789326,435.72307146154134,438.75361084495415,1398300,LMT,3303
2024-04-05,443.7427673339844,443.9279142623646,438.35408769200006,440.8486645044162,891500,LMT,3303
2024-04-08,440.8194274902344,445.32135856717014,440.7122230781782,444.3469135812463,751100,LMT,3303
2024-04-09,436.1323547363281,440.50760325972294,434.77786191549467,437.2237283756666,842800,LMT,3303
2024-04-10,440.16656494140625,441.0435595383326,431.5232421111922,433.32597140013706,1247700,LMT,3303
2024-04-11,440.7609558105469,442.1544049801027,437.47708102084795,439.96190379838316,942800,LMT,3303
2024-04-12,438.8900451660156,446.2763553081185,438.6074477745766,442.505227979848,1250100,LMT,3303
2024-04-15,441.50152587890625,447.562574945948,440.0885984767644,447.26049937608377,2442100,LMT,3303
2024-04-16,442.7001037597656,447.12409236822214,442.0374882995249,443.08987581063064,1452300,LMT,3303
2024-04-17,444.3956604003906,445.55525240780645,440.18608031643515,445.0387977123971,848300,LMT,3303
2024-04-18,444.43463134765625,446.34453528498545,442.6611342512851,443.2165750569127,714900,LMT,3303
2024-04-19,452.01580810546875,453.467721673817,445.59421897179095,446.1009196782281,1387500,LMT,3303
2024-04-22,449.54071044921875,457.5409255182937,448.64423767903173,453.3410698381533,1820900,LMT,3303
2024-04-23,448.3226318359375,461.4386826346456,445.9644916452234,454.19853385645985,1789500,LMT,3303
2024-04-24,447.40667724609375,451.84038995902546,444.4053700890965,450.87569895598375,1018900,LMT,3303
2024-04-25,452.9025573730469,453.7016094303185,445.83783094424507,446.24711093919217,927700,LMT,3303
2024-04-26,449.50177001953125,454.09139792522285,447.43595125052195,452.0450573518389,858000,LMT,3303
2024-04-29,455.6017761230469,455.6992265766335,450.1546318035992,450.1838639659049,951500,LMT,3303
2024-04-30,453.0487060546875,456.02078114299,451.77218548555834,455.1437568541032,711800,LMT,3303
2024-05-01,449.9305419921875,453.5067388184266,448.7904281525994,450.78802869148905,994700,LMT,3303
2024-05-02,451.3629455566406,451.7527176174435,447.270264573955,449.31660506529784,1011400,LMT,3303
2024-05-03,450.1059265136719,451.0998497809592,445.4870663911494,451.0998497809592,910700,LMT,3303
2024-05-06,450.95367431640625,451.65527593455056,448.42011126545725,451.3239681895522,796300,LMT,3303
2024-05-07,454.7539978027344,454.8806804142041,451.3239620152326,452.1424922689193,723400,LMT,3303
2024-05-08,454.2472839355469,456.04025916373485,451.92810008176747,455.5530366646283,599000,LMT,3303
2024-05-09,456.4203186035156,456.7808585039984,453.3215608296782,454.1693232416679,594800,LMT,3303
2024-05-10,456.8977966308594,458.59332149002637,456.02080203948685,457.0147252780153,482500,LMT,3303
2024-05-13,458.5348205566406,460.2790853713275,457.50191127229425,457.8722051171921,634300,LMT,3303
2024-05-14,455.2412109375,459.0707726754741,454.8709170770483,459.0707726754741,565500,LMT,3303
2024-05-15,452.220458984375,455.4556237823207,451.6650478902374,454.3642500523399,803900,LMT,3303
2024-05-16,452.95123291015625,456.35206600643806,441.4235622391393,451.7526846540852,1130800,LMT,3303
2024-05-17,454.2862548828125,455.0657989602553,451.31417989494867,453.935439231573,677200,LMT,3303
2024-05-20,455.1437683105469,456.79058277862225,453.0389932298029,455.8161377555103,735200,LMT,3303
2024-05-21,456.34234619140625,457.1316442807594,454.90991081856123,456.0402706133922,558900,LMT,3303
2024-05-22,457.7065734863281,457.8917204237835,454.8514566432364,455.52382610290005,548700,LMT,3303
2024-05-23,455.1437683105469,457.6773313181784,454.31551383106336,456.1279672999546,867000,LMT,3303
2024-05-24,455.4068908691406,456.68341147984796,453.5749294541004,455.7187204158927,513700,LMT,3303
2024-05-28,446.7635803222656,454.09139644341894,445.5650021968955,453.71134859719064,1150400,LMT,3303
2024-05-29,441.1507568359375,444.34693535689127,440.25425432036525,444.32745716179056,1268000,LMT,3303
2024-05-30,449.1606750488281,451.109565024399,443.37246944236665,443.37246944236665,1173600,LMT,3303
2024-05-31,458.3204650878906,458.33994328263077,447.7477307206494,449.1217017612269,1651600,LMT,3303
2024-06-03,458.7226867675781,461.5872342192002,456.181861140274,457.15305655143413,990100,LMT,3303
2024-06-04,459.98822021484375,461.2340987105275,457.31003800678457,458.6344144819393,845800,LMT,3303
2024-06-05,456.397705078125,459.94897525602187,454.81825506315863,459.5271459118424,915300,LMT,3303
2024-06-06,459.72332763671875,460.8711285670721,455.5344036070333,456.39770175324657,768100,LMT,3303
2024-06-07,461.2046813964844,466.2667234279881,459.7233388622331,459.9097341455445,1042800,LMT,3303
2024-06-10,458.5853576660156,461.81290606133587,456.9176497865522,461.81290606133587,900400,LMT,3303
2024-06-11,454.0137939453125,457.72202996986687,453.79796941739846,456.83912233320274,908300,LMT,3303
2024-06-12,450.39385986328125,454.4356675076016,448.98122556309045,453.5233006474063,1026400,LMT,3303
2024-06-13,449.8543395996094,451.02175011350255,447.3527627488147,449.93283758307933,742000,LMT,3303
2024-06-14,449.63848876953125,449.8543133041448,445.8125355997518,447.8334244519483,702800,LMT,3303
2024-06-17,450.2957763671875,450.4723519101102,447.64702347052014,449.0596876903152,669700,LMT,3303
2024-06-18,451.2669677734375,451.95369035185354,448.706532609236,451.07075276868824,657900,LMT,3303
2024-06-20,457.4866027832031,458.61476422132876,450.44292117097564,451.2669703067771,1041400,LMT,3303
2024-06-21,458.7226867675781,460.8809021188457,454.8476649781794,458.28121797802925,3365200,LMT,3303
2024-06-24,462.5584716796875,466.65910789884805,458.93852331286575,460.05686503708813,1031500,LMT,3303
2024-06-25,459.18377685546875,462.6663687264687,457.8005418760505,461.88156856737794,715800,LMT,3303
2024-06-26,458.124267578125,459.2132099916335,454.9163587295326,458.13408731011384,932100,LMT,3303
2024-06-27,458.2616271972656,459.9784037674121,456.4761723791435,459.9784037674121,871000,LMT,3303
2024-06-28,458.2322082519531,462.7939229676492,456.04453356700617,461.1261851438339,3472500,LMT,3303
2024-07-01,457.584716796875,462.72522669067655,455.936618501822,461.83249929630443,562500,LMT,3303
2024-07-02,456.8587646484375,457.8103505358798,455.2106364530754,456.7606571463721,502500,LMT,3303
2024-07-03,457.1824951171875,457.61414418387136,455.3185722955292,456.65273854658335,313300,LMT,3303
2024-07-05,453.3859558105469,456.17203518554703,450.9628472433234,456.1524256607125,631400,LMT,3303
2024-07-08,452.99359130859375,455.75024164364953,452.36572720612855,453.8961085331272,447700,LMT,3303
2024-07-09,451.5612487792969,453.83721104800003,451.03152216880994,452.93469390095936,537100,LMT,3303
2024-07-10,452.2578125,452.630603054217,448.5691858854831,451.62994842169627,656000,LMT,3303
2024-07-11,451.6397705078125,456.92742672676957,447.4508165552,451.1885119105589,1132900,LMT,3303
2024-07-12,454.9261779785156,456.07394896811684,450.80590226734506,453.582162040382,579400,LMT,3303
2024-07-15,455.0733337402344,458.3793501594035,453.9942110373968,457.8495935710636,783000,LMT,3303
2024-07-16,459.6840515136719,460.28248630442226,454.9457616593883,454.9457616593883,736400,LMT,3303
2024-07-17,467.0318908691406,467.72840324476743,460.78282913738315,461.0771217078715,1123100,LMT,3303
2024-07-18,466.9632263183594,471.7309457293375,464.03979030020827,465.4917035463477,981100,LMT,3303
2024-07-19,465.90374755859375,470.43603294969483,463.83378993826636,470.43603294969483,889400,LMT,3303
2024-07-22,465.5799865722656,467.0907583188227,463.87302975436546,465.98220638509866,881600,LMT,3303
2024-07-23,491.7731018066406,492.2439699266914,473.69296951261254,479.5594509933038,2579100,LMT,3303
2024-07-24,505.41900634765625,509.7256771335516,491.89079933841543,495.4126400583246,2580100,LMT,3303
2024-07-25,511.5013122558594,516.6908607332147,503.13322446408057,505.22279147914605,1923900,LMT,3303
2024-07-26,514.8367309570312,518.6038554216694,510.13769001512003,512.374373387552,1141300,LMT,3303
2024-07-29,517.6228637695312,519.408318581694,509.40195177381344,513.0709389655395,961200,LMT,3303
2024-07-30,527.45263671875,528.2374968254644,515.0624691094806,517.9270168944457,1234200,LMT,3303
2024-07-31,531.6317138671875,536.6152875996881,527.9627267826552,532.6912269956684,1481500,LMT,3303
2024-08-01,538.43994140625,538.6950149162609,530.425064685702,533.7114413689087,1271700,LMT,3303
2024-08-02,538.3517456054688,550.4672597156483,531.111848435735,540.6571074397401,1484800,LMT,3303
2024-08-05,535.026123046875,551.9191775809395,528.0216595138339,542.6583908587277,1683800,LMT,3303
2024-08-06,531.2786254882812,539.0482496358684,530.8666158416266,535.6146962020999,1033700,LMT,3303
2024-08-07,538.0966186523438,541.6871076832954,526.5500514093068,529.6206335569806,1306600,LMT,3303
2024-08-08,541.1475830078125,543.1684718619197,533.3681398988712,535.1535946925253,846300,LMT,3303
2024-08-09,541.1083374023438,543.0997669629604,537.723823258387,541.6772830617135,825100,LMT,3303
2024-08-12,546.337158203125,546.9748420447994,539.9507994360692,540.6080628661218,793700,LMT,3303
2024-08-13,548.7994995117188,549.0643927728381,541.8244958978421,546.3273819547943,793600,LMT,3303
2024-08-14,552.52734375,553.5083589349911,546.4254580400348,547.4849712052213,796700,LMT,3303
2024-08-15,549.6530151367188,553.3711012704804,548.2207711867127,551.1343577505628,974600,LMT,3303
2024-08-16,549.49609375,551.7425971863977,546.4255111325168,550.6438648625644,912000,LMT,3303
2024-08-19,547.7891235351562,552.0761554166347,544.708721258912,544.7773995120483,709700,LMT,3303
2024-08-20,546.435302734375,548.2894358890483,540.5001725693332,547.3770390340812,972200,LMT,3303
2024-08-21,543.2469482421875,549.358653344709,542.8054794581832,547.7792333549536,883100,LMT,3303
2024-08-22,546.4548950195312,547.5830265105565,542.7662684937036,543.6589659301292,774500,LMT,3303
2024-08-23,544.4732666015625,548.2599709788167,542.2856218223436,547.4064925278919,870400,LMT,3303
2024-08-26,547.5045166015625,549.5058257748692,545.5523060855712,545.5523060855712,795400,LMT,3303
2024-08-27,549.7706298828125,551.5168654507873,546.4450342964426,548.8288937350582,749600,LMT,3303
2024-08-28,553.27294921875,557.9327715525229,551.1147636179262,551.5267732483576,829300,LMT,3303
2024-08-29,556.08837890625,557.7757559940225,552.3114947664922,553.2925098548874,662300,LMT,3303
2024-08-30,557.314697265625,558.2859525855837,551.8700750167399,554.2441149761162,1082800,LMT,3303
2024-09-03,559.5540161132812,564.2694435106805,557.5514827891827,559.6625752276067,1266900,LMT,3303
2024-09-04,567.0118408203125,570.9084081520881,561.0336843020275,561.645360356226,941700,LMT,3303
2024-09-05,560.9055786132812,568.13647090452,556.7820179902878,567.4262305472378,841000,LMT,3303
2024-09-06,558.9720458984375,564.3779648714968,557.3147581886734,561.359322934021,976700,LMT,3303
2024-09-09,568.7777099609375,570.1883764005021,559.8105340886941,559.8401575420326,810200,LMT,3303
2024-09-10,564.4568481445312,570.0403266885695,562.7107504470869,569.7542677175159,756400,LMT,3303
2024-09-11,559.2975463867188,564.6738413638346,553.4871353993778,563.4802330716433,809200,LMT,3303
2024-09-12,560.58984375,561.2803350738212,556.2789091665546,557.3640185699298,739400,LMT,3303
2024-09-13,562.2076416015625,564.7232265275792,556.9004076785433,559.3369967351742,638800,LMT,3303
2024-09-16,565.1769409179688,569.2018163744293,561.3000622881717,566.6467938604062,597700,LMT,3303
2024-09-17,559.3468627929688,560.4319721958827,555.9829152654579,559.0015569209395,739900,LMT,3303
2024-09-18,557.847412109375,561.8426644540642,554.6808336855652,558.6662115462739,731700,LMT,3303
2024-09-19,557.5416259765625,559.8599020227931,554.56242179072,558.8141700442218,917500,LMT,3303
2024-09-20,564.1905517578125,565.749215102936,555.331934666557,555.4700570335256,3794400,LMT,3303
2024-09-23,572.6644287109375,573.8876605023448,563.1053864567723,563.7761890452773,884500,LMT,3303
2024-09-24,570.809814453125,573.30559016793,568.363350945756,571.1057479080058,690100,LMT,3303
2024-09-25,570.129150390625,575.8606259034115,569.0637297185157,573.700221318164,844500,LMT,3303
2024-09-26,569.5964965820312,574.6571697464703,566.6764791346094,567.2289083586871,746200,LMT,3303
2024-09-27,574.4893798828125,576.1762908783614,567.5544217660857,569.8430741504171,848100,LMT,3303
2024-09-30,576.6597290039062,577.0444726442765,571.382057790602,576.245422119808,974900,LMT,3303
2024-10-01,597.6717529296875,603.2256679738716,574.0454265101309,578.1985497945642,2356200,LMT,3303
2024-10-02,595.0477905273438,601.7558767838642,593.2918182482586,596.7642648701006,1192500,LMT,3303
2024-10-03,597.63232421875,600.7693391585829,592.8774594980432,596.2709701604858,856600,LMT,3303
2024-10-04,596.95166015625,598.0959562393681,591.2201848366979,595.5014959277892,559800,LMT,3303
2024-10-07,597.3561401367188,603.3244229037473,595.8369748236271,598.7964299965921,1102200,LMT,3303
2024-10-08,599.8322143554688,602.4957359958668,594.9392871093781,599.0134149163617,571800,LMT,3303
2024-10-09,596.9319458007812,598.9345393251836,594.8702257928865,598.5103579848524,543800,LMT,3303
2024-10-10,589.4149169921875,599.0824580153455,588.1620617664513,597.9184129327256,853700,LMT,3303
2024-10-11,596.004638671875,596.3795077969237,591.9798231349324,592.4631911618985,526000,LMT,3303
2024-10-14,602.6141357421875,603.718994214488,595.6199902457638,597.8099582214867,562300,LMT,3303
2024-10-15,596.8234252929688,606.3134061808059,595.5606955914212,604.2220627966007,849600,LMT,3303
2024-10-16,604.5476684570312,604.7252285462051,594.4756341141713,594.8505032614064,549200,LMT,3303
2024-10-17,601.3809814453125,606.17528409933,599.0331423262966,604.5476199739683,617500,LMT,3303
2024-10-18,603.5414428710938,605.0803572091173,600.2663051342187,603.1271359905452,864100,LMT,3303
2024-10-21,606.3035888671875,610.5849606655086,603.0975123133039,607.3196974144257,1017500,LMT,3303
2024-10-22,569.18212890625,600.1183460527964,566.2424227037502,598.6978051623413,2259200,LMT,3303
2024-10-23,563.3815307617188,574.3118008646683,563.2829063508414,569.22156501608,1402200,LMT,3303
2024-10-24,556.584716796875,566.173321980026,556.5550933463054,563.0165579761365,1102800,LMT,3303
2024-10-25,554.6906127929688,562.2766846300799,553.5166932688035,559.0410452338077,1077600,LMT,3303
2024-10-28,547.6668701171875,555.5488757706438,547.0059420145659,555.3910646604159,1278700,LMT,3303
2024-10-29,539.4099731445312,545.9208101160292,539.0252295532068,545.3288830039305,1041700,LMT,3303
2024-10-30,538.5616455078125,543.8097531493703,535.8586861300396,539.5086928225454,1005200,LMT,3303
2024-10-31,538.670166015625,544.2240818341219,535.3358416276377,539.6467766114059,1245300,LMT,3303
2024-11-01,537.9795532226562,541.905804338334,537.2594384632902,540.5937624720005,792600,LMT,3303
2024-11-04,535.760009765625,541.3928611104105,533.1063625568905,538.324907037081,827600,LMT,3303
2024-11-05,539.3606567382812,539.7749635663392,534.6748531360739,537.6343080427312,610100,LMT,3303
2024-11-06,544.3621826171875,553.8127261700117,532.701922205893,553.8127261700117,1751300,LMT,3303
2024-11-07,544.3818969726562,549.4721329686827,542.2411812181381,547.4991630118831,818200,LMT,3303
2024-11-08,556.9299926757812,559.1495840193752,547.2229533739453,547.9628171551433,1165700,LMT,3303
2024-11-11,562.8685913085938,568.3633196240929,562.0991041580434,562.5134109720447,1171400,LMT,3303
2024-11-12,558.3110961914062,568.639565682907,557.1667398246378,566.5580966942094,1133500,LMT,3303
2024-11-13,550.1922607421875,557.3640259719793,548.8112178659388,556.377540970259,1118300,LMT,3303
2024-11-14,531.70556640625,553.7633576298276,526.5758321144189,553.7633576298276,1972700,LMT,3303
2024-11-15,527.6017456054688,535.2075057894407,524.2377983170068,530.600638080794,1757100,LMT,3303
2024-11-18,523.7841186523438,530.7092026919889,521.5940905536261,529.150599679771,1298400,LMT,3303
2024-11-19,526.0530395507812,532.0311366834908,524.0307571936115,529.8214197540797,935700,LMT,3303
2024-11-20,527.5031127929688,527.9963553004587,522.0478819694682,526.9605580767832,994300,LMT,3303
2024-11-21,534.6847534179688,537.3186515531054,526.506754096748,527.9076061715472,1321700,LMT,3303
2024-11-22,534.8919067382812,538.6208492106696,532.6230031151622,537.6343641388552,1311000,LMT,3303
2024-11-25,514.836669921875,526.9407999011846,507.9411494213031,525.7767548290814,3613500,LMT,3303
2024-11-26,514.4026489257812,516.9773604936624,512.3704921013212,512.3704921013212,1345800,LMT,3303
2024-11-27,518.64453125,522.8272183591051,516.0993828825649,516.4643775456528,890400,LMT,3303
2024-11-29,522.2550048828125,522.3240660590395,517.5002000993333,520.6372152193036,658200,LMT,3303
2024-12-02,516.52734375,522.9300342488633,515.4949253569814,521.4013400895763,1115600,LMT,3303
2024-12-03,513.2117919921875,517.6788191952143,512.4672874583497,516.3287988482926,1188400,LMT,3303
2024-12-04,513.7081298828125,516.0210742728002,509.38009138760935,512.3481731106406,1542800,LMT,3303
2024-12-05,513.688232421875,516.7456812013966,510.24368734898286,513.6286744853618,1113400,LMT,3303
2024-12-06,509.2709045410156,513.6485644908533,505.8660141554122,511.9411359405319,1284700,LMT,3303
2024-12-09,506.27301025390625,512.5764576242996,504.823686309317,507.44435676202653,1170500,LMT,3303
2024-12-10,509.1815185546875,510.83926493848776,504.3769864975337,505.42921709756513,1178900,LMT,3303
2024-12-11,500.5452575683594,510.2337525243698,499.6220792555499,510.03520587272726,1308000,LMT,3303
2024-12-12,492.9413757324219,497.42827553974536,485.129046752246,496.33632955592924,1862800,LMT,3303
2024-12-13,491.0255432128906,495.5620647059668,488.57364044103684,491.9388154229191,990100,LMT,3303
2024-12-16,488.0475158691406,491.174428744697,486.55850685278364,491.174428744697,1483700,LMT,3303
2024-12-17,487.01513671875,489.38763900268646,484.18604377104765,485.4765061579306,1354500,LMT,3303
2024-12-18,479.4013366699219,486.64783496770565,478.87522137207145,485.9132668936412,1424400,LMT,3303
2024-12-19,476.1453857421875,480.4535815780869,473.8125988637486,476.48289082124325,1250400,LMT,3303
2024-12-20,485.4367980957031,485.4367980957031,474.2692300999826,475.93694327742514,3973500,LMT,3303
2024-12-23,482.9253234863281,485.26804676926463,478.29946515183815,483.8584382311461,1053900,LMT,3303
2024-12-24,484.5533142089844,485.14892386849283,480.4635076644404,482.49847451596474,375900,LMT,3303
2024-12-26,486.3897705078125,489.8541884659148,482.7069330544504,484.42426769616833,662100,LMT,3303
2024-12-27,485.3871765136719,489.7847093510763,482.8161578284948,484.8015032496941,820600,LMT,3303
2024-12-30,479.82818603515625,482.9848778708902,478.31933447508635,482.4389200172636,887600,LMT,3303
2024-12-31,482.3793640136719,482.96503725895366,478.4682312352441,480.83079705808757,731900,LMT,3303
2025-01-02,478.7164001464844,486.1316662811963,477.8924951510569,482.37936476085815,953700,LMT,3303
2025-01-03,478.28955078125,480.37416943680637,477.38621502071004,477.89248777399297,817200,LMT,3303
2025-01-06,462.5854797363281,476.4828975824839,462.4464910167625,475.24205670336283,1698600,LMT,3303
2025-01-07,460.5603942871094,469.9510993693021,459.5478790897711,462.30750784546433,1276600,LMT,3303
2025-01-08,465.4145812988281,465.78186533488804,457.86032662610546,460.1037765250213,998700,LMT,3303
2025-01-10,464.62042236328125,468.1344920314953,462.317444835481,464.57080084829806,1127400,LMT,3303
2025-01-13,479.6197509765625,481.2675913131105,465.36495508498604,465.5635017448948,1435200,LMT,3303
2025-01-14,480.9101867675781,481.64478513340964,474.4677509198649,481.4462384844897,1162000,LMT,3303
2025-01-15,480.4237976074219,484.18603554267276,476.8501699046747,484.18603554267276,882200,LMT,3303
2025-01-16,483.2926025390625,483.4315912542433,477.9718915583535,478.2696812423611,956400,LMT,3303
2025-01-17,486.7272644042969,488.444568712605,480.6421761704337,483.9676356298591,1337600,LMT,3303
2025-01-21,502.58026123046875,505.8163535776159,491.0950310159595,491.37297815548067,1615900,LMT,3303
2025-01-22,495.6811828613281,501.82582930377845,491.5516607900649,499.55260033627286,1324800,LMT,3303
2025-01-23,493.6362609863281,502.29236782543416,490.3604533137485,499.83052871366374,913000,LMT,3303
2025-01-24,493.318603515625,493.64620246261734,490.9759105464358,491.37297355718374,759400,LMT,3303
2025-01-27,499.9992980957031,503.3942216524325,493.13992633103254,496.42567043548877,1948600,LMT,3303
2025-01-28,454.09814453125,476.2148913579139,453.9194404195533,470.22907611223593,4023900,LMT,3303
2025-01-29,451.0307312011719,459.10116470144317,446.1070833341519,456.62941949433616,2396800,LMT,3303
2025-01-30,456.281982421875,456.52024446033425,448.0130324877716,453.2344700830417,1911800,LMT,3303
2025-01-31,459.5578308105469,460.82845063329944,453.800311071538,456.6294342774852,1474600,LMT,3303
2025-02-03,452.0830078125,457.9496767257992,450.2564634122766,455.4382160429498,1476300,LMT,3303
2025-02-04,450.3557434082031,452.0730780855755,447.953492438063,450.6734059428558,1234200,LMT,3303
2025-02-05,446.57366943359375,453.750704068608,445.48172338834047,453.6514307383182,1139700,LMT,3303
2025-02-06,445.2335510253906,448.85683063613027,441.37206995333486,446.70271753555784,1291800,LMT,3303
2025-02-07,441.1338195800781,448.19170767815893,440.52827350233525,446.6034253573834,1347400,LMT,3303
2025-02-10,444.9357604980469,445.65048605652396,437.4807787986229,441.540806521789,1427800,LMT,3303
2025-02-11,446.0673828125,448.4895065853648,441.73934445067135,444.6180891759387,906100,LMT,3303
2025-02-12,438.7315368652344,445.84901316861686,437.8182646884538,443.9827837203005,1282800,LMT,3303
2025-02-13,431.53466796875,442.0371315769486,428.84453349257814,439.257660194996,2400000,LMT,3303
2025-02-14,420.0891418457031,431.97143469687563,416.6247239857574,430.37321597496975,3252800,LMT,3303
2025-02-18,425.39996337890625,429.75778073846277,420.3968845351852,426.54153091448245,2812500,LMT,3303
2025-02-19,429.77764892578125,434.7906338422204,422.4616258272124,427.84192508218496,2802100,LMT,3303
2025-02-20,433.0931701660156,434.79063195916217,426.16430398376104,426.4323147003739,1358000,LMT,3303
2025-02-21,437.4906921386719,440.4786465134677,432.4777073666661,433.1924328874358,1652400,LMT,3303
2025-02-24,437.0439758300781,444.99529343464417,435.3266715371721,438.7613104169493,1946200,LMT,3303
2025-02-25,445.1739807128906,448.36048182106447,437.7686510169997,438.513155525532,1715500,LMT,3303
2025-02-26,438.2649841308594,444.7173564906568,436.12080752678924,442.5632434658103,1466900,LMT,3303
2025-02-27,443.1886291503906,443.80408135512397,438.21535970293735,438.9499277803332,1458100,LMT,3303
2025-02-28,447.0699768066406,447.4968187758498,441.76910848767744,443.724674821131,1433600,LMT,3303
2025-03-03,451.94000244140625,454.42999267578125,448.8299865722656,452.8699951171875,1579400,LMT,3303
2025-03-04,448.82000732421875,463.739990234375,448.489990234375,450.7799987792969,2268700,LMT,3303
2025-03-05,460.4200134277344,463.4800109863281,449.3699951171875,451.1300048828125,2060100,LMT,3303
2025-03-06,461.5,463.5,453.4100036621094,461.32000732421875,1395800,LMT,3303
2025-03-07,473.6499938964844,477.489990234375,458.0,458.0,2168700,LMT,3303
